Sample	0	1	2	3	4	5	6	7	8	9	10	11	12	13	14	15	16	17	18	19	20	21	22	23	24	25	26
BS443_1	(14.0, 9.0)	(15.0, 54.0)	(16.0, 134.0)	(17.0, 239.0)	(18.0, 337.0)	(19.0, 596.0)	(20.0, 1056.0)	(21.0, 1637.0)	(22.0, 2335.0)	(23.0, 3441.0)	(24.0, 5524.0)	(25.0, 10038.0)	(26.0, 19053.0)	(27.0, 35349.0)	(28.0, 59107.0)	(29.0, 92125.0)	(30.0, 132426.0)	(31.0, 178796.0)	(32.0, 240003.0)	(33.0, 328538.0)	(34.0, 521761.0)	(35.0, 1348127.0)	(36.0, 16593303.0)	(37.0, 2299567.0)			
BS443_2	(12.0, 97.0)	(13.0, 412.0)	(14.0, 613.0)	(15.0, 601.0)	(16.0, 730.0)	(17.0, 959.0)	(18.0, 1463.0)	(19.0, 2110.0)	(20.0, 3477.0)	(21.0, 5647.0)	(22.0, 9601.0)	(23.0, 15547.0)	(24.0, 23023.0)	(25.0, 32244.0)	(26.0, 42923.0)	(27.0, 56177.0)	(28.0, 74120.0)	(29.0, 99220.0)	(30.0, 134159.0)	(31.0, 185056.0)	(32.0, 267875.0)	(33.0, 427328.0)	(34.0, 874188.0)	(35.0, 3172455.0)	(36.0, 15528528.0)	(37.0, 915002.0)	
BS444_1	(13.0, 1.0)	(14.0, 9.0)	(15.0, 76.0)	(16.0, 207.0)	(17.0, 309.0)	(18.0, 409.0)	(19.0, 631.0)	(20.0, 1072.0)	(21.0, 1635.0)	(22.0, 2363.0)	(23.0, 4039.0)	(24.0, 7631.0)	(25.0, 15228.0)	(26.0, 28492.0)	(27.0, 50202.0)	(28.0, 79680.0)	(29.0, 116426.0)	(30.0, 155751.0)	(31.0, 202025.0)	(32.0, 261498.0)	(33.0, 354824.0)	(34.0, 574715.0)	(35.0, 1578620.0)	(36.0, 14994529.0)	(37.0, 1344680.0)		
BS444_2	(11.0, 3.0)	(12.0, 53.0)	(13.0, 269.0)	(14.0, 454.0)	(15.0, 525.0)	(16.0, 707.0)	(17.0, 910.0)	(18.0, 1326.0)	(19.0, 2239.0)	(20.0, 3712.0)	(21.0, 6618.0)	(22.0, 11517.0)	(23.0, 18329.0)	(24.0, 26334.0)	(25.0, 35064.0)	(26.0, 46098.0)	(27.0, 60995.0)	(28.0, 79870.0)	(29.0, 107535.0)	(30.0, 144995.0)	(31.0, 200190.0)	(32.0, 291549.0)	(33.0, 467537.0)	(34.0, 972720.0)	(35.0, 3528912.0)	(36.0, 13258060.0)	(37.0, 508531.0)
BS445_1	(13.0, 1.0)	(14.0, 16.0)	(15.0, 64.0)	(16.0, 171.0)	(17.0, 334.0)	(18.0, 454.0)	(19.0, 739.0)	(20.0, 1207.0)	(21.0, 1602.0)	(22.0, 2289.0)	(23.0, 3473.0)	(24.0, 5875.0)	(25.0, 10748.0)	(26.0, 20534.0)	(27.0, 37817.0)	(28.0, 64800.0)	(29.0, 101861.0)	(30.0, 146158.0)	(31.0, 199221.0)	(32.0, 267622.0)	(33.0, 366876.0)	(34.0, 581723.0)	(35.0, 1441451.0)	(36.0, 16011228.0)	(37.0, 2318534.0)		
BS445_2	(11.0, 9.0)	(12.0, 205.0)	(13.0, 603.0)	(14.0, 795.0)	(15.0, 728.0)	(16.0, 836.0)	(17.0, 1168.0)	(18.0, 1733.0)	(19.0, 2721.0)	(20.0, 4279.0)	(21.0, 7371.0)	(22.0, 12860.0)	(23.0, 21944.0)	(24.0, 34150.0)	(25.0, 48123.0)	(26.0, 64037.0)	(27.0, 83349.0)	(28.0, 107940.0)	(29.0, 143010.0)	(30.0, 190518.0)	(31.0, 262021.0)	(32.0, 384653.0)	(33.0, 628149.0)	(34.0, 1320379.0)	(35.0, 4372236.0)	(36.0, 13371636.0)	(37.0, 519345.0)
BS446_1	(13.0, 1.0)	(14.0, 12.0)	(15.0, 67.0)	(16.0, 177.0)	(17.0, 319.0)	(18.0, 447.0)	(19.0, 659.0)	(20.0, 1170.0)	(21.0, 1630.0)	(22.0, 2346.0)	(23.0, 3282.0)	(24.0, 5212.0)	(25.0, 9346.0)	(26.0, 17478.0)	(27.0, 33262.0)	(28.0, 57031.0)	(29.0, 89880.0)	(30.0, 131328.0)	(31.0, 181926.0)	(32.0, 249616.0)	(33.0, 351215.0)	(34.0, 559326.0)	(35.0, 1349036.0)	(36.0, 14905616.0)	(37.0, 2227481.0)		
BS446_2	(11.0, 6.0)	(12.0, 112.0)	(13.0, 423.0)	(14.0, 536.0)	(15.0, 610.0)	(16.0, 742.0)	(17.0, 966.0)	(18.0, 1315.0)	(19.0, 2080.0)	(20.0, 3167.0)	(21.0, 5133.0)	(22.0, 8736.0)	(23.0, 13652.0)	(24.0, 20848.0)	(25.0, 29435.0)	(26.0, 40876.0)	(27.0, 54669.0)	(28.0, 73682.0)	(29.0, 101217.0)	(30.0, 138790.0)	(31.0, 194497.0)	(32.0, 285780.0)	(33.0, 461680.0)	(34.0, 945440.0)	(35.0, 3283839.0)	(36.0, 13805592.0)	(37.0, 704040.0)
BS447_1	(14.0, 15.0)	(15.0, 87.0)	(16.0, 196.0)	(17.0, 342.0)	(18.0, 392.0)	(19.0, 579.0)	(20.0, 879.0)	(21.0, 1305.0)	(22.0, 1933.0)	(23.0, 3303.0)	(24.0, 5830.0)	(25.0, 10538.0)	(26.0, 19594.0)	(27.0, 35610.0)	(28.0, 60313.0)	(29.0, 94035.0)	(30.0, 133917.0)	(31.0, 182443.0)	(32.0, 243449.0)	(33.0, 332537.0)	(34.0, 524399.0)	(35.0, 1322661.0)	(36.0, 16686936.0)	(37.0, 2523895.0)			
BS447_2	(11.0, 3.0)	(12.0, 134.0)	(13.0, 526.0)	(14.0, 721.0)	(15.0, 736.0)	(16.0, 845.0)	(17.0, 1037.0)	(18.0, 1471.0)	(19.0, 2147.0)	(20.0, 3140.0)	(21.0, 4887.0)	(22.0, 8132.0)	(23.0, 13775.0)	(24.0, 21182.0)	(25.0, 30372.0)	(26.0, 40279.0)	(27.0, 53398.0)	(28.0, 70184.0)	(29.0, 94192.0)	(30.0, 126171.0)	(31.0, 175995.0)	(32.0, 256421.0)	(33.0, 409275.0)	(34.0, 852320.0)	(35.0, 3221114.0)	(36.0, 15937043.0)	(37.0, 859688.0)
BS448_1	(14.0, 11.0)	(15.0, 59.0)	(16.0, 187.0)	(17.0, 297.0)	(18.0, 475.0)	(19.0, 871.0)	(20.0, 1473.0)	(21.0, 2044.0)	(22.0, 2756.0)	(23.0, 3997.0)	(24.0, 5951.0)	(25.0, 10603.0)	(26.0, 19142.0)	(27.0, 35345.0)	(28.0, 61198.0)	(29.0, 98616.0)	(30.0, 145427.0)	(31.0, 203293.0)	(32.0, 280244.0)	(33.0, 392908.0)	(34.0, 637140.0)	(35.0, 1600938.0)	(36.0, 17381437.0)	(37.0, 2561250.0)			
BS448_2	(11.0, 3.0)	(12.0, 87.0)	(13.0, 309.0)	(14.0, 479.0)	(15.0, 558.0)	(16.0, 687.0)	(17.0, 899.0)	(18.0, 1479.0)	(19.0, 2103.0)	(20.0, 3424.0)	(21.0, 5736.0)	(22.0, 9573.0)	(23.0, 15505.0)	(24.0, 22617.0)	(25.0, 31122.0)	(26.0, 41712.0)	(27.0, 55260.0)	(28.0, 74584.0)	(29.0, 103143.0)	(30.0, 143444.0)	(31.0, 207073.0)	(32.0, 310982.0)	(33.0, 509904.0)	(34.0, 1035216.0)	(35.0, 3495699.0)	(36.0, 16450078.0)	(37.0, 923986.0)
BS449_1	(14.0, 14.0)	(15.0, 95.0)	(16.0, 282.0)	(17.0, 548.0)	(18.0, 804.0)	(19.0, 1168.0)	(20.0, 2000.0)	(21.0, 2831.0)	(22.0, 3936.0)	(23.0, 5725.0)	(24.0, 9055.0)	(25.0, 15097.0)	(26.0, 26270.0)	(27.0, 46007.0)	(28.0, 76067.0)	(29.0, 117465.0)	(30.0, 168045.0)	(31.0, 230137.0)	(32.0, 309480.0)	(33.0, 429717.0)	(34.0, 690752.0)	(35.0, 1720900.0)	(36.0, 17971568.0)	(37.0, 2666448.0)			
BS449_2	(11.0, 3.0)	(12.0, 94.0)	(13.0, 429.0)	(14.0, 712.0)	(15.0, 849.0)	(16.0, 1003.0)	(17.0, 1254.0)	(18.0, 1920.0)	(19.0, 2909.0)	(20.0, 4510.0)	(21.0, 7694.0)	(22.0, 12986.0)	(23.0, 20549.0)	(24.0, 28762.0)	(25.0, 37589.0)	(26.0, 46860.0)	(27.0, 60503.0)	(28.0, 78558.0)	(29.0, 107501.0)	(30.0, 147730.0)	(31.0, 210173.0)	(32.0, 315467.0)	(33.0, 503277.0)	(34.0, 995808.0)	(35.0, 3269066.0)	(36.0, 17445284.0)	(37.0, 1192921.0)
BS450_1	(13.0, 1.0)	(14.0, 20.0)	(15.0, 87.0)	(16.0, 287.0)	(17.0, 441.0)	(18.0, 603.0)	(19.0, 929.0)	(20.0, 1357.0)	(21.0, 1930.0)	(22.0, 2823.0)	(23.0, 4736.0)	(24.0, 7719.0)	(25.0, 12998.0)	(26.0, 22258.0)	(27.0, 39149.0)	(28.0, 65625.0)	(29.0, 103003.0)	(30.0, 149268.0)	(31.0, 203655.0)	(32.0, 277863.0)	(33.0, 386881.0)	(34.0, 620726.0)	(35.0, 1542106.0)	(36.0, 17431485.0)	(37.0, 2582771.0)		
BS450_2	(11.0, 7.0)	(12.0, 142.0)	(13.0, 621.0)	(14.0, 815.0)	(15.0, 835.0)	(16.0, 1028.0)	(17.0, 1502.0)	(18.0, 2151.0)	(19.0, 3088.0)	(20.0, 4155.0)	(21.0, 6481.0)	(22.0, 10415.0)	(23.0, 16046.0)	(24.0, 23405.0)	(25.0, 32351.0)	(26.0, 42493.0)	(27.0, 54865.0)	(28.0, 73147.0)	(29.0, 99082.0)	(30.0, 135591.0)	(31.0, 196007.0)	(32.0, 284718.0)	(33.0, 466953.0)	(34.0, 959624.0)	(35.0, 3391736.0)	(36.0, 16590955.0)	(37.0, 1060508.0)
BS451_1	(13.0, 1.0)	(14.0, 9.0)	(15.0, 70.0)	(16.0, 179.0)	(17.0, 377.0)	(18.0, 652.0)	(19.0, 946.0)	(20.0, 1656.0)	(21.0, 2236.0)	(22.0, 3135.0)	(23.0, 4655.0)	(24.0, 8010.0)	(25.0, 13930.0)	(26.0, 25467.0)	(27.0, 44749.0)	(28.0, 73837.0)	(29.0, 111673.0)	(30.0, 156342.0)	(31.0, 209295.0)	(32.0, 277514.0)	(33.0, 380630.0)	(34.0, 608025.0)	(35.0, 1588043.0)	(36.0, 17856151.0)	(37.0, 2397944.0)		
BS451_2	(12.0, 118.0)	(13.0, 506.0)	(14.0, 699.0)	(15.0, 735.0)	(16.0, 895.0)	(17.0, 1175.0)	(18.0, 1686.0)	(19.0, 2717.0)	(20.0, 4881.0)	(21.0, 10170.0)	(22.0, 21114.0)	(23.0, 37807.0)	(24.0, 55452.0)	(25.0, 68325.0)	(26.0, 74498.0)	(27.0, 79747.0)	(28.0, 87321.0)	(29.0, 104737.0)	(30.0, 133334.0)	(31.0, 180181.0)	(32.0, 263058.0)	(33.0, 418222.0)	(34.0, 848318.0)	(35.0, 3124660.0)	(36.0, 17086947.0)	(37.0, 1158223.0)	
BS452_1	(14.0, 18.0)	(15.0, 59.0)	(16.0, 159.0)	(17.0, 272.0)	(18.0, 398.0)	(19.0, 665.0)	(20.0, 1079.0)	(21.0, 1601.0)	(22.0, 2359.0)	(23.0, 3816.0)	(24.0, 6394.0)	(25.0, 11101.0)	(26.0, 19395.0)	(27.0, 34045.0)	(28.0, 57198.0)	(29.0, 89523.0)	(30.0, 128835.0)	(31.0, 179825.0)	(32.0, 250188.0)	(33.0, 345032.0)	(34.0, 556348.0)	(35.0, 1448193.0)	(36.0, 16208101.0)	(37.0, 2200525.0)			
BS452_2	(11.0, 6.0)	(12.0, 157.0)	(13.0, 582.0)	(14.0, 721.0)	(15.0, 799.0)	(16.0, 886.0)	(17.0, 1222.0)	(18.0, 1810.0)	(19.0, 2657.0)	(20.0, 3947.0)	(21.0, 6301.0)	(22.0, 10266.0)	(23.0, 16586.0)	(24.0, 25498.0)	(25.0, 36461.0)	(26.0, 48855.0)	(27.0, 64515.0)	(28.0, 84571.0)	(29.0, 112740.0)	(30.0, 150448.0)	(31.0, 209906.0)	(32.0, 310677.0)	(33.0, 517938.0)	(34.0, 1162905.0)	(35.0, 4302592.0)	(36.0, 13918065.0)	(37.0, 554018.0)
BS453_1	(14.0, 17.0)	(15.0, 59.0)	(16.0, 179.0)	(17.0, 330.0)	(18.0, 493.0)	(19.0, 788.0)	(20.0, 1461.0)	(21.0, 2200.0)	(22.0, 3031.0)	(23.0, 4552.0)	(24.0, 7269.0)	(25.0, 12723.0)	(26.0, 22889.0)	(27.0, 40501.0)	(28.0, 68353.0)	(29.0, 105478.0)	(30.0, 152062.0)	(31.0, 207002.0)	(32.0, 279022.0)	(33.0, 383696.0)	(34.0, 607660.0)	(35.0, 1491176.0)	(36.0, 16949533.0)	(37.0, 2720130.0)			
BS453_2	(11.0, 2.0)	(12.0, 97.0)	(13.0, 398.0)	(14.0, 612.0)	(15.0, 676.0)	(16.0, 836.0)	(17.0, 1081.0)	(18.0, 1479.0)	(19.0, 2325.0)	(20.0, 3901.0)	(21.0, 6358.0)	(22.0, 10723.0)	(23.0, 16538.0)	(24.0, 24591.0)	(25.0, 34069.0)	(26.0, 43624.0)	(27.0, 58055.0)	(28.0, 77091.0)	(29.0, 104022.0)	(30.0, 141190.0)	(31.0, 198341.0)	(32.0, 290594.0)	(33.0, 463706.0)	(34.0, 918127.0)	(35.0, 3098404.0)	(36.0, 16386822.0)	(37.0, 1176942.0)
BS454_1	(14.0, 7.0)	(15.0, 35.0)	(16.0, 143.0)	(17.0, 284.0)	(18.0, 403.0)	(19.0, 721.0)	(20.0, 1364.0)	(21.0, 1810.0)	(22.0, 2729.0)	(23.0, 4438.0)	(24.0, 7157.0)	(25.0, 12314.0)	(26.0, 21480.0)	(27.0, 37044.0)	(28.0, 61451.0)	(29.0, 96275.0)	(30.0, 137767.0)	(31.0, 188984.0)	(32.0, 255633.0)	(33.0, 354279.0)	(34.0, 566655.0)	(35.0, 1432763.0)	(36.0, 16592749.0)	(37.0, 2431134.0)			
BS454_2	(11.0, 3.0)	(12.0, 57.0)	(13.0, 310.0)	(14.0, 494.0)	(15.0, 680.0)	(16.0, 786.0)	(17.0, 1029.0)	(18.0, 1322.0)	(19.0, 1991.0)	(20.0, 3156.0)	(21.0, 5189.0)	(22.0, 8485.0)	(23.0, 14120.0)	(24.0, 21444.0)	(25.0, 29810.0)	(26.0, 39429.0)	(27.0, 51722.0)	(28.0, 68644.0)	(29.0, 92725.0)	(30.0, 125754.0)	(31.0, 175784.0)	(32.0, 259109.0)	(33.0, 412451.0)	(34.0, 847774.0)	(35.0, 3129551.0)	(36.0, 16031161.0)	(37.0, 884639.0)
BS463_1	(13.0, 1.0)	(14.0, 30.0)	(15.0, 90.0)	(16.0, 291.0)	(17.0, 436.0)	(18.0, 569.0)	(19.0, 799.0)	(20.0, 1224.0)	(21.0, 1722.0)	(22.0, 2484.0)	(23.0, 3805.0)	(24.0, 6112.0)	(25.0, 10350.0)	(26.0, 18215.0)	(27.0, 32365.0)	(28.0, 55376.0)	(29.0, 86247.0)	(30.0, 124597.0)	(31.0, 170803.0)	(32.0, 233138.0)	(33.0, 322585.0)	(34.0, 516984.0)	(35.0, 1310448.0)	(36.0, 16211142.0)	(37.0, 2541246.0)		
BS463_2	(11.0, 4.0)	(12.0, 76.0)	(13.0, 367.0)	(14.0, 596.0)	(15.0, 707.0)	(16.0, 816.0)	(17.0, 1208.0)	(18.0, 1744.0)	(19.0, 2537.0)	(20.0, 3726.0)	(21.0, 5559.0)	(22.0, 8619.0)	(23.0, 13179.0)	(24.0, 19532.0)	(25.0, 27015.0)	(26.0, 35971.0)	(27.0, 47816.0)	(28.0, 63797.0)	(29.0, 86348.0)	(30.0, 118109.0)	(31.0, 165800.0)	(32.0, 243638.0)	(33.0, 392291.0)	(34.0, 805010.0)	(35.0, 2948874.0)	(36.0, 15678110.0)	(37.0, 979610.0)
BS464_1	(14.0, 7.0)	(15.0, 83.0)	(16.0, 194.0)	(17.0, 366.0)	(18.0, 538.0)	(19.0, 876.0)	(20.0, 1684.0)	(21.0, 2088.0)	(22.0, 2877.0)	(23.0, 4555.0)	(24.0, 6948.0)	(25.0, 11693.0)	(26.0, 20799.0)	(27.0, 36398.0)	(28.0, 61856.0)	(29.0, 99558.0)	(30.0, 147086.0)	(31.0, 206811.0)	(32.0, 287496.0)	(33.0, 410643.0)	(34.0, 673520.0)	(35.0, 1691501.0)	(36.0, 17871096.0)	(37.0, 2661761.0)			
BS464_2	(11.0, 3.0)	(12.0, 99.0)	(13.0, 391.0)	(14.0, 644.0)	(15.0, 771.0)	(16.0, 973.0)	(17.0, 1219.0)	(18.0, 1714.0)	(19.0, 2528.0)	(20.0, 3878.0)	(21.0, 6227.0)	(22.0, 9984.0)	(23.0, 15721.0)	(24.0, 23099.0)	(25.0, 32642.0)	(26.0, 44244.0)	(27.0, 59404.0)	(28.0, 80679.0)	(29.0, 112523.0)	(30.0, 155656.0)	(31.0, 225610.0)	(32.0, 338385.0)	(33.0, 552690.0)	(34.0, 1138721.0)	(35.0, 3839879.0)	(36.0, 16657161.0)	(37.0, 895589.0)
BS465_1	(14.0, 20.0)	(15.0, 116.0)	(16.0, 334.0)	(17.0, 490.0)	(18.0, 618.0)	(19.0, 796.0)	(20.0, 1131.0)	(21.0, 1425.0)	(22.0, 2122.0)	(23.0, 3314.0)	(24.0, 5558.0)	(25.0, 10649.0)	(26.0, 20524.0)	(27.0, 38058.0)	(28.0, 66642.0)	(29.0, 105506.0)	(30.0, 153121.0)	(31.0, 209695.0)	(32.0, 282276.0)	(33.0, 392453.0)	(34.0, 629533.0)	(35.0, 1571645.0)	(36.0, 17553224.0)	(37.0, 2632575.0)			
BS465_2	(11.0, 4.0)	(12.0, 187.0)	(13.0, 784.0)	(14.0, 830.0)	(15.0, 867.0)	(16.0, 1088.0)	(17.0, 1451.0)	(18.0, 2130.0)	(19.0, 3172.0)	(20.0, 4768.0)	(21.0, 7609.0)	(22.0, 12282.0)	(23.0, 20900.0)	(24.0, 32932.0)	(25.0, 46629.0)	(26.0, 62042.0)	(27.0, 81715.0)	(28.0, 108662.0)	(29.0, 145040.0)	(30.0, 194534.0)	(31.0, 272338.0)	(32.0, 402652.0)	(33.0, 669071.0)	(34.0, 1448619.0)	(35.0, 4929027.0)	(36.0, 14713867.0)	(37.0, 518625.0)
BS466_1	(14.0, 18.0)	(15.0, 72.0)	(16.0, 198.0)	(17.0, 319.0)	(18.0, 483.0)	(19.0, 774.0)	(20.0, 1327.0)	(21.0, 1837.0)	(22.0, 2557.0)	(23.0, 3839.0)	(24.0, 6369.0)	(25.0, 11665.0)	(26.0, 21810.0)	(27.0, 39347.0)	(28.0, 67383.0)	(29.0, 107251.0)	(30.0, 154051.0)	(31.0, 212817.0)	(32.0, 290146.0)	(33.0, 401268.0)	(34.0, 642303.0)	(35.0, 1580339.0)	(36.0, 16196198.0)	(37.0, 2388285.0)			
BS466_2	(11.0, 8.0)	(12.0, 118.0)	(13.0, 466.0)	(14.0, 592.0)	(15.0, 597.0)	(16.0, 758.0)	(17.0, 1071.0)	(18.0, 1484.0)	(19.0, 2240.0)	(20.0, 3764.0)	(21.0, 5977.0)	(22.0, 10368.0)	(23.0, 16753.0)	(24.0, 26627.0)	(25.0, 37649.0)	(26.0, 50801.0)	(27.0, 68224.0)	(28.0, 90638.0)	(29.0, 123247.0)	(30.0, 167288.0)	(31.0, 235991.0)	(32.0, 351048.0)	(33.0, 571293.0)	(34.0, 1163437.0)	(35.0, 3812089.0)	(36.0, 14677678.0)	(37.0, 710450.0)
BS467_1	(14.0, 11.0)	(15.0, 114.0)	(16.0, 221.0)	(17.0, 370.0)	(18.0, 566.0)	(19.0, 828.0)	(20.0, 1170.0)	(21.0, 1649.0)	(22.0, 2596.0)	(23.0, 4292.0)	(24.0, 7277.0)	(25.0, 13026.0)	(26.0, 23777.0)	(27.0, 43354.0)	(28.0, 72051.0)	(29.0, 112592.0)	(30.0, 160276.0)	(31.0, 218870.0)	(32.0, 293162.0)	(33.0, 407857.0)	(34.0, 652459.0)	(35.0, 1621953.0)	(36.0, 17050211.0)	(37.0, 2395697.0)			
BS467_2	(11.0, 5.0)	(12.0, 66.0)	(13.0, 341.0)	(14.0, 607.0)	(15.0, 742.0)	(16.0, 907.0)	(17.0, 1243.0)	(18.0, 1725.0)	(19.0, 2523.0)	(20.0, 3837.0)	(21.0, 6114.0)	(22.0, 9946.0)	(23.0, 15574.0)	(24.0, 23240.0)	(25.0, 31791.0)	(26.0, 42391.0)	(27.0, 56273.0)	(28.0, 74601.0)	(29.0, 102660.0)	(30.0, 142787.0)	(31.0, 200492.0)	(32.0, 296505.0)	(33.0, 478403.0)	(34.0, 941950.0)	(35.0, 3090266.0)	(36.0, 16391759.0)	(37.0, 1167631.0)
BS468_1	(14.0, 13.0)	(15.0, 45.0)	(16.0, 137.0)	(17.0, 275.0)	(18.0, 433.0)	(19.0, 708.0)	(20.0, 1047.0)	(21.0, 1630.0)	(22.0, 2602.0)	(23.0, 4332.0)	(24.0, 7619.0)	(25.0, 13213.0)	(26.0, 22635.0)	(27.0, 39489.0)	(28.0, 64634.0)	(29.0, 99795.0)	(30.0, 144291.0)	(31.0, 198373.0)	(32.0, 268720.0)	(33.0, 376307.0)	(34.0, 609743.0)	(35.0, 1523244.0)	(36.0, 16899490.0)	(37.0, 2572750.0)			
BS468_2	(11.0, 2.0)	(12.0, 49.0)	(13.0, 313.0)	(14.0, 445.0)	(15.0, 521.0)	(16.0, 722.0)	(17.0, 988.0)	(18.0, 1229.0)	(19.0, 1990.0)	(20.0, 3216.0)	(21.0, 5611.0)	(22.0, 9563.0)	(23.0, 15827.0)	(24.0, 23949.0)	(25.0, 33561.0)	(26.0, 44364.0)	(27.0, 59940.0)	(28.0, 79835.0)	(29.0, 108073.0)	(30.0, 147842.0)	(31.0, 211359.0)	(32.0, 312516.0)	(33.0, 511871.0)	(34.0, 1062466.0)	(35.0, 3653904.0)	(36.0, 15721376.0)	(37.0, 839993.0)
BS469_1	(13.0, 1.0)	(14.0, 13.0)	(15.0, 90.0)	(16.0, 240.0)	(17.0, 347.0)	(18.0, 512.0)	(19.0, 763.0)	(20.0, 1150.0)	(21.0, 1491.0)	(22.0, 2195.0)	(23.0, 3456.0)	(24.0, 5851.0)	(25.0, 10621.0)	(26.0, 19691.0)	(27.0, 36008.0)	(28.0, 61425.0)	(29.0, 95837.0)	(30.0, 138267.0)	(31.0, 190724.0)	(32.0, 257983.0)	(33.0, 358158.0)	(34.0, 570252.0)	(35.0, 1436501.0)	(36.0, 17681758.0)	(37.0, 2614968.0)		
BS469_2	(11.0, 5.0)	(12.0, 87.0)	(13.0, 444.0)	(14.0, 697.0)	(15.0, 783.0)	(16.0, 960.0)	(17.0, 1230.0)	(18.0, 1580.0)	(19.0, 2386.0)	(20.0, 3464.0)	(21.0, 5373.0)	(22.0, 8835.0)	(23.0, 14528.0)	(24.0, 22419.0)	(25.0, 31824.0)	(26.0, 43527.0)	(27.0, 57165.0)	(28.0, 76745.0)	(29.0, 103657.0)	(30.0, 140076.0)	(31.0, 195042.0)	(32.0, 285418.0)	(33.0, 459207.0)	(34.0, 945189.0)	(35.0, 3421513.0)	(36.0, 16680520.0)	(37.0, 985628.0)
BS470_1	(13.0, 1.0)	(14.0, 9.0)	(15.0, 74.0)	(16.0, 172.0)	(17.0, 317.0)	(18.0, 450.0)	(19.0, 758.0)	(20.0, 1296.0)	(21.0, 1647.0)	(22.0, 2319.0)	(23.0, 3788.0)	(24.0, 6491.0)	(25.0, 11604.0)	(26.0, 21489.0)	(27.0, 39348.0)	(28.0, 68472.0)	(29.0, 109536.0)	(30.0, 161720.0)	(31.0, 225426.0)	(32.0, 310859.0)	(33.0, 440404.0)	(34.0, 718668.0)	(35.0, 1779311.0)	(36.0, 18055213.0)	(37.0, 2646728.0)		
BS470_2	(11.0, 1.0)	(12.0, 85.0)	(13.0, 431.0)	(14.0, 636.0)	(15.0, 763.0)	(16.0, 858.0)	(17.0, 1141.0)	(18.0, 1561.0)	(19.0, 2255.0)	(20.0, 3518.0)	(21.0, 5705.0)	(22.0, 9352.0)	(23.0, 14862.0)	(24.0, 21896.0)	(25.0, 30873.0)	(26.0, 41982.0)	(27.0, 58106.0)	(28.0, 79414.0)	(29.0, 110943.0)	(30.0, 156626.0)	(31.0, 226456.0)	(32.0, 342057.0)	(33.0, 563006.0)	(34.0, 1149080.0)	(35.0, 3828165.0)	(36.0, 17037968.0)	(37.0, 918360.0)
BS471_1	(13.0, 2.0)	(14.0, 12.0)	(15.0, 67.0)	(16.0, 208.0)	(17.0, 406.0)	(18.0, 544.0)	(19.0, 838.0)	(20.0, 1440.0)	(21.0, 1689.0)	(22.0, 2398.0)	(23.0, 3692.0)	(24.0, 5849.0)	(25.0, 9937.0)	(26.0, 17609.0)	(27.0, 30909.0)	(28.0, 52052.0)	(29.0, 81769.0)	(30.0, 119640.0)	(31.0, 166522.0)	(32.0, 229489.0)	(33.0, 325820.0)	(34.0, 529814.0)	(35.0, 1353075.0)	(36.0, 16430994.0)	(37.0, 2470220.0)		
BS471_2	(11.0, 1.0)	(12.0, 59.0)	(13.0, 293.0)	(14.0, 542.0)	(15.0, 707.0)	(16.0, 876.0)	(17.0, 1108.0)	(18.0, 1493.0)	(19.0, 2060.0)	(20.0, 2896.0)	(21.0, 4497.0)	(22.0, 7064.0)	(23.0, 11249.0)	(24.0, 16862.0)	(25.0, 23598.0)	(26.0, 31458.0)	(27.0, 42381.0)	(28.0, 57675.0)	(29.0, 79611.0)	(30.0, 109892.0)	(31.0, 157891.0)	(32.0, 236735.0)	(33.0, 387598.0)	(34.0, 815187.0)	(35.0, 3044512.0)	(36.0, 15887859.0)	(37.0, 910891.0)
BS472_1	(13.0, 1.0)	(14.0, 43.0)	(15.0, 211.0)	(16.0, 518.0)	(17.0, 860.0)	(18.0, 1554.0)	(19.0, 2614.0)	(20.0, 3992.0)	(21.0, 6349.0)	(22.0, 9104.0)	(23.0, 13871.0)	(24.0, 19730.0)	(25.0, 27861.0)	(26.0, 40454.0)	(27.0, 59899.0)	(28.0, 89549.0)	(29.0, 130102.0)	(30.0, 180636.0)	(31.0, 246624.0)	(32.0, 330215.0)	(33.0, 461438.0)	(34.0, 737458.0)	(35.0, 1732234.0)	(36.0, 16039154.0)	(37.0, 3256983.0)		
BS472_2	(11.0, 16.0)	(12.0, 364.0)	(13.0, 1261.0)	(14.0, 1681.0)	(15.0, 1997.0)	(16.0, 2657.0)	(17.0, 3740.0)	(18.0, 5395.0)	(19.0, 8059.0)	(20.0, 12868.0)	(21.0, 20261.0)	(22.0, 29527.0)	(23.0, 39946.0)	(24.0, 48530.0)	(25.0, 57263.0)	(26.0, 67411.0)	(27.0, 82639.0)	(28.0, 106613.0)	(29.0, 141177.0)	(30.0, 191527.0)	(31.0, 277053.0)	(32.0, 418317.0)	(33.0, 674032.0)	(34.0, 1357495.0)	(35.0, 4037743.0)	(36.0, 14949898.0)	(37.0, 853984.0)
BS473_1	(14.0, 9.0)	(15.0, 64.0)	(16.0, 183.0)	(17.0, 300.0)	(18.0, 412.0)	(19.0, 675.0)	(20.0, 1041.0)	(21.0, 1291.0)	(22.0, 1894.0)	(23.0, 3193.0)	(24.0, 5278.0)	(25.0, 10048.0)	(26.0, 18262.0)	(27.0, 32670.0)	(28.0, 54023.0)	(29.0, 83735.0)	(30.0, 119382.0)	(31.0, 163480.0)	(32.0, 219273.0)	(33.0, 306413.0)	(34.0, 490758.0)	(35.0, 1245363.0)	(36.0, 14920951.0)	(37.0, 2240935.0)			
BS473_2	(11.0, 8.0)	(12.0, 94.0)	(13.0, 395.0)	(14.0, 632.0)	(15.0, 680.0)	(16.0, 796.0)	(17.0, 956.0)	(18.0, 1352.0)	(19.0, 1802.0)	(20.0, 2618.0)	(21.0, 4270.0)	(22.0, 6862.0)	(23.0, 11370.0)	(24.0, 17323.0)	(25.0, 24397.0)	(26.0, 33024.0)	(27.0, 43872.0)	(28.0, 58590.0)	(29.0, 79167.0)	(30.0, 108437.0)	(31.0, 151936.0)	(32.0, 223518.0)	(33.0, 359199.0)	(34.0, 737530.0)	(35.0, 2683423.0)	(36.0, 14470556.0)	(37.0, 896826.0)
BS474_1	(14.0, 8.0)	(15.0, 54.0)	(16.0, 185.0)	(17.0, 294.0)	(18.0, 445.0)	(19.0, 646.0)	(20.0, 1117.0)	(21.0, 1383.0)	(22.0, 2077.0)	(23.0, 3418.0)	(24.0, 6101.0)	(25.0, 11517.0)	(26.0, 21381.0)	(27.0, 39566.0)	(28.0, 68130.0)	(29.0, 106637.0)	(30.0, 154779.0)	(31.0, 211179.0)	(32.0, 287831.0)	(33.0, 403860.0)	(34.0, 655798.0)	(35.0, 1639668.0)	(36.0, 16170889.0)	(37.0, 2231070.0)			
BS474_2	(11.0, 1.0)	(12.0, 49.0)	(13.0, 236.0)	(14.0, 477.0)	(15.0, 611.0)	(16.0, 769.0)	(17.0, 969.0)	(18.0, 1200.0)	(19.0, 1697.0)	(20.0, 2525.0)	(21.0, 4165.0)	(22.0, 7207.0)	(23.0, 11639.0)	(24.0, 18034.0)	(25.0, 25485.0)	(26.0, 35057.0)	(27.0, 47797.0)	(28.0, 64959.0)	(29.0, 89937.0)	(30.0, 125090.0)	(31.0, 179495.0)	(32.0, 269114.0)	(33.0, 437752.0)	(34.0, 884357.0)	(35.0, 3004957.0)	(36.0, 15792290.0)	(37.0, 1012164.0)
BS475_1	(13.0, 1.0)	(14.0, 7.0)	(15.0, 87.0)	(16.0, 185.0)	(17.0, 382.0)	(18.0, 512.0)	(19.0, 791.0)	(20.0, 1173.0)	(21.0, 1867.0)	(22.0, 3337.0)	(23.0, 6126.0)	(24.0, 12019.0)	(25.0, 23230.0)	(26.0, 42211.0)	(27.0, 71126.0)	(28.0, 111363.0)	(29.0, 161458.0)	(30.0, 216836.0)	(31.0, 280614.0)	(32.0, 356871.0)	(33.0, 464676.0)	(34.0, 692945.0)	(35.0, 1589908.0)	(36.0, 16744306.0)	(37.0, 2826790.0)		
BS475_2	(11.0, 3.0)	(12.0, 129.0)	(13.0, 429.0)	(14.0, 575.0)	(15.0, 595.0)	(16.0, 727.0)	(17.0, 1027.0)	(18.0, 1457.0)	(19.0, 2253.0)	(20.0, 3517.0)	(21.0, 6406.0)	(22.0, 12219.0)	(23.0, 21810.0)	(24.0, 33272.0)	(25.0, 44963.0)	(26.0, 57173.0)	(27.0, 73844.0)	(28.0, 93961.0)	(29.0, 125461.0)	(30.0, 165003.0)	(31.0, 223817.0)	(32.0, 317038.0)	(33.0, 480019.0)	(34.0, 907441.0)	(35.0, 3077960.0)	(36.0, 16834490.0)	(37.0, 1123232.0)
BS476_1	(14.0, 10.0)	(15.0, 65.0)	(16.0, 182.0)	(17.0, 324.0)	(18.0, 467.0)	(19.0, 658.0)	(20.0, 871.0)	(21.0, 1538.0)	(22.0, 2543.0)	(23.0, 4709.0)	(24.0, 9056.0)	(25.0, 18217.0)	(26.0, 34140.0)	(27.0, 61372.0)	(28.0, 100237.0)	(29.0, 150902.0)	(30.0, 208849.0)	(31.0, 275584.0)	(32.0, 355514.0)	(33.0, 468424.0)	(34.0, 711659.0)	(35.0, 1649665.0)	(36.0, 16411389.0)	(37.0, 2603138.0)			
BS476_2	(11.0, 3.0)	(12.0, 58.0)	(13.0, 216.0)	(14.0, 418.0)	(15.0, 491.0)	(16.0, 659.0)	(17.0, 975.0)	(18.0, 1365.0)	(19.0, 2017.0)	(20.0, 3253.0)	(21.0, 5716.0)	(22.0, 10134.0)	(23.0, 16852.0)	(24.0, 25798.0)	(25.0, 35002.0)	(26.0, 46185.0)	(27.0, 60219.0)	(28.0, 79712.0)	(29.0, 107218.0)	(30.0, 146133.0)	(31.0, 203507.0)	(32.0, 291859.0)	(33.0, 448066.0)	(34.0, 843896.0)	(35.0, 2771370.0)	(36.0, 16762332.0)	(37.0, 1206059.0)
BS477_1	(13.0, 1.0)	(14.0, 13.0)	(15.0, 47.0)	(16.0, 182.0)	(17.0, 262.0)	(18.0, 317.0)	(19.0, 470.0)	(20.0, 750.0)	(21.0, 1193.0)	(22.0, 1989.0)	(23.0, 4100.0)	(24.0, 7959.0)	(25.0, 16726.0)	(26.0, 31598.0)	(27.0, 55382.0)	(28.0, 88604.0)	(29.0, 130756.0)	(30.0, 176868.0)	(31.0, 228127.0)	(32.0, 290959.0)	(33.0, 380322.0)	(34.0, 569221.0)	(35.0, 1314314.0)	(36.0, 14593172.0)	(37.0, 2160688.0)		
BS477_2	(12.0, 36.0)	(13.0, 186.0)	(14.0, 319.0)	(15.0, 384.0)	(16.0, 516.0)	(17.0, 788.0)	(18.0, 1088.0)	(19.0, 1573.0)	(20.0, 2656.0)	(21.0, 4523.0)	(22.0, 7729.0)	(23.0, 12642.0)	(24.0, 18978.0)	(25.0, 26156.0)	(26.0, 34090.0)	(27.0, 46212.0)	(28.0, 61796.0)	(29.0, 83689.0)	(30.0, 113916.0)	(31.0, 159167.0)	(32.0, 225618.0)	(33.0, 343064.0)	(34.0, 624692.0)	(35.0, 2119165.0)	(36.0, 15124296.0)	(37.0, 1040741.0)	
BS478_1	(14.0, 11.0)	(15.0, 65.0)	(16.0, 202.0)	(17.0, 362.0)	(18.0, 445.0)	(19.0, 663.0)	(20.0, 1095.0)	(21.0, 1584.0)	(22.0, 2808.0)	(23.0, 5258.0)	(24.0, 9836.0)	(25.0, 18993.0)	(26.0, 34375.0)	(27.0, 57422.0)	(28.0, 90027.0)	(29.0, 131734.0)	(30.0, 177307.0)	(31.0, 229863.0)	(32.0, 292263.0)	(33.0, 381551.0)	(34.0, 573657.0)	(35.0, 1353404.0)	(36.0, 14367286.0)	(37.0, 1891200.0)			
BS478_2	(11.0, 2.0)	(12.0, 70.0)	(13.0, 309.0)	(14.0, 453.0)	(15.0, 536.0)	(16.0, 745.0)	(17.0, 1027.0)	(18.0, 1465.0)	(19.0, 2083.0)	(20.0, 3202.0)	(21.0, 5375.0)	(22.0, 9479.0)	(23.0, 15790.0)	(24.0, 24132.0)	(25.0, 33230.0)	(26.0, 44080.0)	(27.0, 57842.0)	(28.0, 76815.0)	(29.0, 102135.0)	(30.0, 135874.0)	(31.0, 185961.0)	(32.0, 260214.0)	(33.0, 390165.0)	(34.0, 738596.0)	(35.0, 2640083.0)	(36.0, 14127582.0)	(37.0, 764166.0)
BS479_1	(13.0, 3.0)	(14.0, 4.0)	(15.0, 59.0)	(16.0, 156.0)	(17.0, 306.0)	(18.0, 383.0)	(19.0, 621.0)	(20.0, 993.0)	(21.0, 1591.0)	(22.0, 2797.0)	(23.0, 5143.0)	(24.0, 9839.0)	(25.0, 19012.0)	(26.0, 34322.0)	(27.0, 57760.0)	(28.0, 92407.0)	(29.0, 135710.0)	(30.0, 183037.0)	(31.0, 238415.0)	(32.0, 302776.0)	(33.0, 392379.0)	(34.0, 584192.0)	(35.0, 1333660.0)	(36.0, 14940231.0)	(37.0, 2250925.0)		
BS479_2	(11.0, 1.0)	(12.0, 68.0)	(13.0, 292.0)	(14.0, 437.0)	(15.0, 499.0)	(16.0, 632.0)	(17.0, 831.0)	(18.0, 1218.0)	(19.0, 1897.0)	(20.0, 3113.0)	(21.0, 5441.0)	(22.0, 10004.0)	(23.0, 17348.0)	(24.0, 26545.0)	(25.0, 37099.0)	(26.0, 48756.0)	(27.0, 64543.0)	(28.0, 84959.0)	(29.0, 112844.0)	(30.0, 148963.0)	(31.0, 202966.0)	(32.0, 281595.0)	(33.0, 422596.0)	(34.0, 797694.0)	(35.0, 2832459.0)	(36.0, 14719295.0)	(37.0, 764626.0)
BS480_1	(14.0, 8.0)	(15.0, 62.0)	(16.0, 152.0)	(17.0, 302.0)	(18.0, 478.0)	(19.0, 702.0)	(20.0, 1046.0)	(21.0, 1698.0)	(22.0, 2887.0)	(23.0, 5479.0)	(24.0, 10820.0)	(25.0, 20542.0)	(26.0, 37048.0)	(27.0, 63088.0)	(28.0, 98248.0)	(29.0, 142502.0)	(30.0, 191846.0)	(31.0, 246714.0)	(32.0, 314400.0)	(33.0, 407318.0)	(34.0, 604679.0)	(35.0, 1376014.0)	(36.0, 15250256.0)	(37.0, 2204523.0)			
BS480_2	(12.0, 70.0)	(13.0, 290.0)	(14.0, 446.0)	(15.0, 514.0)	(16.0, 677.0)	(17.0, 926.0)	(18.0, 1257.0)	(19.0, 1808.0)	(20.0, 3141.0)	(21.0, 5590.0)	(22.0, 10474.0)	(23.0, 18343.0)	(24.0, 28941.0)	(25.0, 39769.0)	(26.0, 52354.0)	(27.0, 68469.0)	(28.0, 89602.0)	(29.0, 118211.0)	(30.0, 155715.0)	(31.0, 210218.0)	(32.0, 293641.0)	(33.0, 436649.0)	(34.0, 825044.0)	(35.0, 2949237.0)	(36.0, 14926216.0)	(37.0, 743210.0)	
BS481_1	(14.0, 2.0)	(15.0, 25.0)	(16.0, 137.0)	(17.0, 209.0)	(18.0, 318.0)	(19.0, 493.0)	(20.0, 911.0)	(21.0, 1423.0)	(22.0, 2539.0)	(23.0, 4813.0)	(24.0, 9235.0)	(25.0, 17827.0)	(26.0, 33254.0)	(27.0, 58239.0)	(28.0, 92621.0)	(29.0, 137130.0)	(30.0, 187442.0)	(31.0, 244816.0)	(32.0, 312906.0)	(33.0, 409977.0)	(34.0, 615385.0)	(35.0, 1420580.0)	(36.0, 15218591.0)	(37.0, 2152883.0)			
BS481_2	(12.0, 41.0)	(13.0, 165.0)	(14.0, 322.0)	(15.0, 390.0)	(16.0, 474.0)	(17.0, 652.0)	(18.0, 989.0)	(19.0, 1470.0)	(20.0, 2423.0)	(21.0, 4261.0)	(22.0, 7736.0)	(23.0, 13568.0)	(24.0, 20671.0)	(25.0, 29296.0)	(26.0, 39527.0)	(27.0, 53496.0)	(28.0, 71727.0)	(29.0, 98421.0)	(30.0, 133086.0)	(31.0, 186258.0)	(32.0, 271075.0)	(33.0, 402739.0)	(34.0, 746791.0)	(35.0, 2501143.0)	(36.0, 15419798.0)	(37.0, 915237.0)	
BS482_1	(14.0, 8.0)	(15.0, 43.0)	(16.0, 114.0)	(17.0, 219.0)	(18.0, 385.0)	(19.0, 574.0)	(20.0, 893.0)	(21.0, 1434.0)	(22.0, 2665.0)	(23.0, 5071.0)	(24.0, 10307.0)	(25.0, 19986.0)	(26.0, 36109.0)	(27.0, 61444.0)	(28.0, 95867.0)	(29.0, 140792.0)	(30.0, 188995.0)	(31.0, 245391.0)	(32.0, 313254.0)	(33.0, 417406.0)	(34.0, 631634.0)	(35.0, 1437065.0)	(36.0, 14755369.0)	(37.0, 2030934.0)			
BS482_2	(12.0, 80.0)	(13.0, 333.0)	(14.0, 428.0)	(15.0, 465.0)	(16.0, 564.0)	(17.0, 793.0)	(18.0, 1161.0)	(19.0, 1801.0)	(20.0, 3056.0)	(21.0, 5553.0)	(22.0, 10446.0)	(23.0, 18099.0)	(24.0, 28092.0)	(25.0, 38318.0)	(26.0, 50459.0)	(27.0, 67152.0)	(28.0, 87102.0)	(29.0, 116078.0)	(30.0, 152311.0)	(31.0, 208532.0)	(32.0, 294447.0)	(33.0, 438285.0)	(34.0, 838712.0)	(35.0, 2948526.0)	(36.0, 14403584.0)	(37.0, 681582.0)	
BS483_1	(13.0, 1.0)	(14.0, 6.0)	(15.0, 63.0)	(16.0, 148.0)	(17.0, 264.0)	(18.0, 394.0)	(19.0, 647.0)	(20.0, 1088.0)	(21.0, 1738.0)	(22.0, 2896.0)	(23.0, 5736.0)	(24.0, 11340.0)	(25.0, 21597.0)	(26.0, 41006.0)	(27.0, 71796.0)	(28.0, 114773.0)	(29.0, 170828.0)	(30.0, 233732.0)	(31.0, 305415.0)	(32.0, 392893.0)	(33.0, 519023.0)	(34.0, 784968.0)	(35.0, 1780120.0)	(36.0, 17248892.0)	(37.0, 2554777.0)		
BS483_2	(11.0, 4.0)	(12.0, 86.0)	(13.0, 348.0)	(14.0, 499.0)	(15.0, 533.0)	(16.0, 716.0)	(17.0, 986.0)	(18.0, 1483.0)	(19.0, 2330.0)	(20.0, 3866.0)	(21.0, 7075.0)	(22.0, 12266.0)	(23.0, 20601.0)	(24.0, 30250.0)	(25.0, 42430.0)	(26.0, 56316.0)	(27.0, 75474.0)	(28.0, 101201.0)	(29.0, 137666.0)	(30.0, 186830.0)	(31.0, 264069.0)	(32.0, 376760.0)	(33.0, 584148.0)	(34.0, 1109838.0)	(35.0, 3623818.0)	(36.0, 16723062.0)	(37.0, 901486.0)
BS484_1	(14.0, 8.0)	(15.0, 45.0)	(16.0, 144.0)	(17.0, 183.0)	(18.0, 350.0)	(19.0, 535.0)	(20.0, 860.0)	(21.0, 1534.0)	(22.0, 2742.0)	(23.0, 5095.0)	(24.0, 9629.0)	(25.0, 18673.0)	(26.0, 34624.0)	(27.0, 60391.0)	(28.0, 98750.0)	(29.0, 147462.0)	(30.0, 204205.0)	(31.0, 266251.0)	(32.0, 341062.0)	(33.0, 447734.0)	(34.0, 678276.0)	(35.0, 1547092.0)	(36.0, 16790452.0)	(37.0, 2473944.0)			
BS484_2	(11.0, 2.0)	(12.0, 49.0)	(13.0, 325.0)	(14.0, 447.0)	(15.0, 475.0)	(16.0, 606.0)	(17.0, 862.0)	(18.0, 1348.0)	(19.0, 2145.0)	(20.0, 3652.0)	(21.0, 6565.0)	(22.0, 11855.0)	(23.0, 19651.0)	(24.0, 29101.0)	(25.0, 38789.0)	(26.0, 52184.0)	(27.0, 69449.0)	(28.0, 93663.0)	(29.0, 125800.0)	(30.0, 169038.0)	(31.0, 234420.0)	(32.0, 335254.0)	(33.0, 507476.0)	(34.0, 978136.0)	(35.0, 3345395.0)	(36.0, 16306838.0)	(37.0, 796516.0)
BS485_1	(14.0, 7.0)	(15.0, 33.0)	(16.0, 114.0)	(17.0, 181.0)	(18.0, 284.0)	(19.0, 459.0)	(20.0, 793.0)	(21.0, 1246.0)	(22.0, 2257.0)	(23.0, 4782.0)	(24.0, 9715.0)	(25.0, 19586.0)	(26.0, 37543.0)	(27.0, 66126.0)	(28.0, 105334.0)	(29.0, 156922.0)	(30.0, 215867.0)	(31.0, 282494.0)	(32.0, 364161.0)	(33.0, 482016.0)	(34.0, 732847.0)	(35.0, 1715496.0)	(36.0, 16958972.0)	(37.0, 2407156.0)			
BS485_2	(11.0, 1.0)	(12.0, 82.0)	(13.0, 309.0)	(14.0, 437.0)	(15.0, 510.0)	(16.0, 612.0)	(17.0, 924.0)	(18.0, 1312.0)	(19.0, 1985.0)	(20.0, 3700.0)	(21.0, 6937.0)	(22.0, 12880.0)	(23.0, 21741.0)	(24.0, 33383.0)	(25.0, 46810.0)	(26.0, 61274.0)	(27.0, 81457.0)	(28.0, 108009.0)	(29.0, 145476.0)	(30.0, 193434.0)	(31.0, 263493.0)	(32.0, 375864.0)	(33.0, 576846.0)	(34.0, 1129516.0)	(35.0, 3917296.0)	(36.0, 15919313.0)	(37.0, 660790.0)
BS486_1	(14.0, 10.0)	(15.0, 39.0)	(16.0, 107.0)	(17.0, 249.0)	(18.0, 412.0)	(19.0, 657.0)	(20.0, 1097.0)	(21.0, 1761.0)	(22.0, 3201.0)	(23.0, 6004.0)	(24.0, 11672.0)	(25.0, 21948.0)	(26.0, 41477.0)	(27.0, 74710.0)	(28.0, 121577.0)	(29.0, 183281.0)	(30.0, 252044.0)	(31.0, 331408.0)	(32.0, 427684.0)	(33.0, 563236.0)	(34.0, 849119.0)	(35.0, 1972737.0)	(36.0, 20296540.0)	(37.0, 2821779.0)			
BS486_2	(11.0, 3.0)	(12.0, 24.0)	(13.0, 170.0)	(14.0, 315.0)	(15.0, 431.0)	(16.0, 630.0)	(17.0, 883.0)	(18.0, 1317.0)	(19.0, 2030.0)	(20.0, 3506.0)	(21.0, 6497.0)	(22.0, 11604.0)	(23.0, 19035.0)	(24.0, 28478.0)	(25.0, 38645.0)	(26.0, 51583.0)	(27.0, 70218.0)	(28.0, 95461.0)	(29.0, 131392.0)	(30.0, 179047.0)	(31.0, 250017.0)	(32.0, 355430.0)	(33.0, 539350.0)	(34.0, 1007338.0)	(35.0, 3518753.0)	(36.0, 20527393.0)	(37.0, 1143199.0)
