Sample	0	1	2	3	4	5	6	7	8	9	10	11	12	13	14	15
BS443_1	(1.0, 2.306168998393372)	(2.0, 1.2219778347737564)	(3.0, 1.8804916324155903)	(4.0, 2.8726100527209995)	(5.0, 4.010245486358805)	(6.0, 5.033006353388888)	(7.0, 5.854327438279854)	(8.0, 6.363789385769243)	(9.0, 6.349358118327143)	('>10', 52.64845894748067)	('>50', 5.599770847565543)	('>100', 5.14661985938403)	('>500', 0.4943048265709218)	('>1k', 0.2188702185712716)	('>5k', 0.0)	('>10k+', 0.0)
BS443_2	(1.0, 3.118397388567503)	(2.0, 1.2621716492324786)	(3.0, 1.8684934485808182)	(4.0, 2.8777426755128435)	(5.0, 3.8784824657219814)	(6.0, 4.9826854055370795)	(7.0, 5.744478352006248)	(8.0, 6.193400915937438)	(9.0, 6.228119030778976)	('>10', 52.5629019779069)	('>50', 5.87538063694706)	('>100', 4.819468304732441)	('>500', 0.3368673152494882)	('>1k', 0.2514104332888225)	('>5k', 0.0)	('>10k+', 0.0)
BS444_1	(1.0, 4.633970813926124)	(2.0, 4.279900978641468)	(3.0, 6.320481363424078)	(4.0, 7.903810637462405)	(5.0, 8.44247984054563)	(6.0, 8.422487738618722)	(7.0, 7.301968588540399)	(8.0, 6.241979737696571)	(9.0, 5.013772124313095)	('>10', 31.63638975259806)	('>50', 4.9202801435951615)	('>100', 4.349345516309601)	('>500', 0.4158670367266563)	('>1k', 0.11726572760188737)	('>5k', 0.0)	('>10k+', 0.0)
BS444_2	(1.0, 5.506175343840765)	(2.0, 4.227120706438792)	(3.0, 6.164988084987593)	(4.0, 7.707761814577539)	(5.0, 8.053465860864645)	(6.0, 7.947494740575969)	(7.0, 7.208264223920073)	(8.0, 6.080441433813957)	(9.0, 4.881588274654079)	('>10', 33.072318070124446)	('>50', 4.770367062779288)	('>100', 3.9744688993914044)	('>500', 0.2453474650955429)	('>1k', 0.16019801893621302)	('>5k', 0.0)	('>10k+', 0.0)
BS445_1	(1.0, 4.53116893062611)	(2.0, 5.740728300031919)	(3.0, 8.031880251988872)	(4.0, 9.166568784972107)	(5.0, 8.828485407368689)	(6.0, 8.240413317251926)	(7.0, 6.586014009749655)	(8.0, 5.289133084611272)	(9.0, 4.191568662730268)	('>10', 28.717932441546385)	('>50', 4.965522348469071)	('>100', 4.840641259493781)	('>500', 0.4906986818629347)	('>1k', 0.3792445192969287)	('>5k', 0.0)	('>10k+', 0.0)
BS445_2	(1.0, 6.229930256360143)	(2.0, 5.751830140998423)	(3.0, 7.733405618618695)	(4.0, 8.81839611589842)	(5.0, 8.720185762726405)	(6.0, 7.807768426773844)	(7.0, 6.457204446051214)	(8.0, 5.158051638716339)	(9.0, 4.157082204957003)	('>10', 29.361802223908512)	('>50', 4.825654577094012)	('>100', 4.257003588759854)	('>500', 0.43011915009658236)	('>1k', 0.29156584904069094)	('>5k', 0.0)	('>10k+', 0.0)
BS446_1	(1.0, 5.304302376711532)	(2.0, 7.100430068137682)	(3.0, 9.374714557271744)	(4.0, 9.983666414945757)	(5.0, 9.220441607397817)	(6.0, 8.051102122025682)	(7.0, 6.11963694962747)	(8.0, 5.082940261472391)	(9.0, 3.998554703774751)	('>10', 26.497612388451667)	('>50', 4.354633784529968)	('>100', 4.118485734337605)	('>500', 0.48341492199158037)	('>1k', 0.31006410932430745)	('>5k', 0.0)	('>10k+', 0.0)
BS446_2	(1.0, 6.219404330589532)	(2.0, 6.953792494329882)	(3.0, 8.944711817168042)	(4.0, 9.684065211628305)	(5.0, 8.972042116836118)	(6.0, 7.75358515753011)	(7.0, 6.282621870074764)	(8.0, 5.196531516772071)	(9.0, 4.008625845347093)	('>10', 27.826725199407758)	('>50', 3.9958307548226686)	('>100', 3.6620036798843154)	('>500', 0.3489353220524738)	('>1k', 0.15112468355696496)	('>5k', 0.0)	('>10k+', 0.0)
BS447_1	(1.0, 2.020016750917035)	(2.0, 0.7142029047899149)	(3.0, 0.8874807017049645)	(4.0, 1.310624396338089)	(5.0, 1.8954731220759875)	(6.0, 2.632291353683519)	(7.0, 3.3167222729569454)	(8.0, 4.087621695727729)	(9.0, 4.809710683873208)	('>10', 62.525021431496675)	('>50', 6.69536781867558)	('>100', 7.048539280536513)	('>500', 1.2254711174701423)	('>1k', 0.8314564697534524)	('>5k', 0.0)	('>10k+', 0.0)
BS447_2	(1.0, 2.7329177938294835)	(2.0, 0.7492673826707297)	(3.0, 0.9020122026892692)	(4.0, 1.3033877161769558)	(5.0, 1.9148360791298544)	(6.0, 2.5954603805713727)	(7.0, 3.2873024684897687)	(8.0, 4.097554633440588)	(9.0, 4.802075009904753)	('>10', 62.114954232104516)	('>50', 6.6753947130217375)	('>100', 7.187545755691841)	('>500', 1.1494688865915994)	('>1k', 0.48782274568748085)	('>5k', 0.0)	('>10k+', 0.0)
BS448_1	(1.0, 2.098737385470643)	(2.0, 0.9468849056980037)	(3.0, 1.319004422402196)	(4.0, 1.991588124236279)	(5.0, 2.899361972930794)	(6.0, 3.8555698947493715)	(7.0, 4.764624907885836)	(8.0, 5.535534824906376)	(9.0, 5.861915600223104)	('>10', 54.523674369134575)	('>50', 6.63976960386076)	('>100', 7.807073833278948)	('>500', 1.2183913801593151)	('>1k', 0.5378687750637755)	('>5k', 0.0)	('>10k+', 0.0)
BS448_2	(1.0, 2.7975551151634694)	(2.0, 0.9721100817292563)	(3.0, 1.2967975329488812)	(4.0, 2.0433286922573743)	(5.0, 2.8531630294687558)	(6.0, 3.795621735523359)	(7.0, 4.668389980792671)	(8.0, 5.314714965960658)	(9.0, 5.743103997432222)	('>10', 54.053036966791744)	('>50', 6.936153718340962)	('>100', 8.003695164460698)	('>500', 1.014622820183968)	('>1k', 0.507706198945769)	('>5k', 0.0)	('>10k+', 0.0)
BS449_1	(1.0, 1.6925858106316558)	(2.0, 0.27948161716330994)	(3.0, 0.21433489256258495)	(4.0, 0.23339331324046922)	(5.0, 0.24636852307734952)	(6.0, 0.25321214290060107)	(7.0, 0.276067549728678)	(8.0, 0.28836029111459305)	(9.0, 0.2900068639082658)	('>10', 71.79971046503078)	('>50', 12.944942120068903)	('>100', 9.38708287363873)	('>500', 1.2804420930464497)	('>1k', 0.8140114438877368)	('>5k', 0.0)	('>10k+', 0.0)
BS449_2	(1.0, 2.3273314582407503)	(2.0, 0.3512890916724287)	(3.0, 0.22101176108896975)	(4.0, 0.22423911701957722)	(5.0, 0.26377213823605544)	(6.0, 0.2715614279219102)	(7.0, 0.26782194366770323)	(8.0, 0.3033126946063456)	(9.0, 0.2897928675707138)	('>10', 70.17978825799055)	('>50', 13.609408479801347)	('>100', 9.989955385663666)	('>500', 1.1461244332651985)	('>1k', 0.5545909432548927)	('>5k', 0.0)	('>10k+', 0.0)
BS450_1	(1.0, 1.6895807035022488)	(2.0, 0.28183163343936224)	(3.0, 0.1699219660112366)	(4.0, 0.16355481847323494)	(5.0, 0.18806433541947795)	(6.0, 0.16879111311681239)	(7.0, 0.18049691915639446)	(8.0, 0.19573152168798716)	(9.0, 0.20670783619938632)	('>10', 60.39865740003639)	('>50', 24.32350104849123)	('>100', 10.306362554958213)	('>500', 1.1675248875002608)	('>1k', 0.5592732620076664)	('>5k', 0.0)	('>10k+', 0.0)
BS450_2	(1.0, 2.4128611010556957)	(2.0, 0.30396023795131927)	(3.0, 0.1974892024369281)	(4.0, 0.1722151885711828)	(5.0, 0.19083520879973315)	(6.0, 0.17318881478442907)	(7.0, 0.1823608432987453)	(8.0, 0.17329525247247407)	(9.0, 0.19998121451749898)	('>10', 60.3039870729933)	('>50', 23.888193857600353)	('>100', 10.550637435644806)	('>500', 0.933283884485765)	('>1k', 0.31771068538736763)	('>5k', 0.0)	('>10k+', 0.0)
BS451_1	(1.0, 2.255531749960706)	(2.0, 0.8495643377818545)	(3.0, 1.2020041767879937)	(4.0, 1.665263515290261)	(5.0, 2.3709418112282794)	(6.0, 3.102790338090311)	(7.0, 3.940788091537252)	(8.0, 4.675864812257023)	(9.0, 5.292088099492165)	('>10', 60.531218899171904)	('>50', 6.130253940234397)	('>100', 6.68463857235454)	('>500', 0.8737675822864541)	('>1k', 0.3852642686185305)	('>5k', 0.04001980490850578)	('>10k+', 0.0)
BS451_2	(1.0, 3.531845730819047)	(2.0, 0.9608574678241897)	(3.0, 1.2039922473312776)	(4.0, 1.6961823160422564)	(5.0, 2.3400041616160983)	(6.0, 3.0539193300085015)	(7.0, 3.843172446415919)	(8.0, 4.549595058216569)	(9.0, 5.1668325567871625)	('>10', 59.864555211888714)	('>50', 6.314920212891409)	('>100', 6.409459521413996)	('>500', 0.7278835824339717)	('>1k', 0.2966242898752861)	('>5k', 0.04015586643549649)	('>10k+', 0.0)
BS452_1	(1.0, 1.7361588963210537)	(2.0, 0.34626355208792)	(3.0, 0.3012681528066121)	(4.0, 0.2623398328025529)	(5.0, 0.2903183412111826)	(6.0, 0.3384733388742764)	(7.0, 0.3859914612551263)	(8.0, 0.4255443824051402)	(9.0, 0.506622343764566)	('>10', 78.77040886405466)	('>50', 9.168037805298892)	('>100', 6.5511882333308735)	('>500', 0.6289260522959297)	('>1k', 0.2884587434910807)	('>5k', 0.0)	('>10k+', 0.0)
BS452_2	(1.0, 3.3580495225529563)	(2.0, 0.4114498098417293)	(3.0, 0.3199278861009555)	(4.0, 0.2597774867964903)	(5.0, 0.29160391471742414)	(6.0, 0.3272771594768368)	(7.0, 0.3833779653931103)	(8.0, 0.4462506536487932)	(9.0, 0.5344444242877562)	('>10', 77.56854220246737)	('>50', 9.453179184437477)	('>100', 6.100223819614387)	('>500', 0.3917275406771288)	('>1k', 0.15416842998761043)	('>5k', 0.0)	('>10k+', 0.0)
BS453_1	(1.0, 1.8484656550798464)	(2.0, 0.3714294621540443)	(3.0, 0.3497348211650244)	(4.0, 0.3588879987794034)	(5.0, 0.4228897801274124)	(6.0, 0.4542660454367293)	(7.0, 0.5831545147318262)	(8.0, 0.7081357010706504)	(9.0, 0.913199345516987)	('>10', 77.26532084399665)	('>50', 8.314927408691618)	('>100', 7.311713702969286)	('>500', 0.8079890473347481)	('>1k', 0.28988567294575124)	('>5k', 0.0)	('>10k+', 0.0)
BS453_2	(1.0, 2.6184603388144247)	(2.0, 0.4319752448147421)	(3.0, 0.37740467692428364)	(4.0, 0.3573530342383991)	(5.0, 0.3987467623481898)	(6.0, 0.46062865412133097)	(7.0, 0.5810373224943539)	(8.0, 0.7215429919952326)	(9.0, 0.8897347803358695)	('>10', 76.87335359733406)	('>50', 8.691181809551086)	('>100', 6.900447905895662)	('>500', 0.5715095761959623)	('>1k', 0.1266233049362544)	('>5k', 0.0)	('>10k+', 0.0)
BS454_1	(1.0, 2.3193969281781817)	(2.0, 0.3044590881525853)	(3.0, 0.24940000374105153)	(4.0, 0.24298041626433262)	(5.0, 0.23562962577267418)	(6.0, 0.26672174611810057)	(7.0, 0.2997807048078987)	(8.0, 0.3735245981737316)	(9.0, 0.33666091262455144)	('>10', 73.91712089877326)	('>50', 11.856218728421702)	('>100', 8.382441911841235)	('>500', 0.8997308214492319)	('>1k', 0.3159336156817434)	('>5k', 0.0)	('>10k+', 0.0)
BS454_2	(1.0, 3.1708854041876426)	(2.0, 0.303341920740688)	(3.0, 0.24603434980045347)	(4.0, 0.2368510888130736)	(5.0, 0.22761415117921105)	(6.0, 0.2977137065005234)	(7.0, 0.29492223292941994)	(8.0, 0.3338425027483454)	(9.0, 0.336587745786323)	('>10', 73.45014965607403)	('>50', 12.508861638353608)	('>100', 7.8964382184762885)	('>500', 0.5472811809762335)	('>1k', 0.14947620343398674)	('>5k', 0.0)	('>10k+', 0.0)
BS463_1	(1.0, 1.8745486440478556)	(2.0, 0.5221344145728712)	(3.0, 0.5421701568345496)	(4.0, 0.7339818702592085)	(5.0, 1.0441702485010564)	(6.0, 1.511101605624733)	(7.0, 2.023809454079831)	(8.0, 2.6934588409075313)	(9.0, 3.3302702017523598)	('>10', 72.39074037831976)	('>50', 6.742864278788173)	('>100', 5.916571239546442)	('>500', 0.5115853877445299)	('>1k', 0.16259327902105697)	('>5k', 0.0)	('>10k+', 0.0)
BS463_2	(1.0, 2.742314885544483)	(2.0, 0.5628773534092141)	(3.0, 0.5850080024153398)	(4.0, 0.728713056682308)	(5.0, 1.0194112042082295)	(6.0, 1.5730165550714614)	(7.0, 2.100603159388566)	(8.0, 2.7266829547132163)	(9.0, 3.5080159917884832)	('>10', 72.36630887688695)	('>50', 6.728193178049735)	('>100', 4.864107669143322)	('>500', 0.3516072701524151)	('>1k', 0.14313984254633386)	('>5k', 0.0)	('>10k+', 0.0)
BS464_1	(1.0, 1.6659630613032488)	(2.0, 0.3347903829559399)	(3.0, 0.27851347292269013)	(4.0, 0.28106184970735765)	(5.0, 0.32192352731433016)	(6.0, 0.3291653472693616)	(7.0, 0.40336376728863627)	(8.0, 0.4549681670134335)	(9.0, 0.5879320011883045)	('>10', 77.67287838447783)	('>50', 9.482749159677413)	('>100', 7.145979082591884)	('>500', 0.7546163379046181)	('>1k', 0.2860954583848375)	('>5k', 0.0)	('>10k+', 0.0)
BS464_2	(1.0, 2.5617401593331106)	(2.0, 0.3813499357797921)	(3.0, 0.28196729379374125)	(4.0, 0.2808718721061955)	(5.0, 0.3091209260869947)	(6.0, 0.3430322744547023)	(7.0, 0.39832407724395746)	(8.0, 0.48995292761840786)	(9.0, 0.5709313486865194)	('>10', 76.86373024407783)	('>50', 10.166220638878077)	('>100', 6.7387455772433364)	('>500', 0.43707800806148067)	('>1k', 0.17693471663589122)	('>5k', 0.0)	('>10k+', 0.0)
BS465_1	(1.0, 3.3426911149458207)	(2.0, 3.8812563813278773)	(3.0, 5.8614397838653645)	(4.0, 7.240222219834075)	(5.0, 7.822282490864377)	(6.0, 7.529489516204224)	(7.0, 6.863346737946147)	(8.0, 5.841878155220512)	(9.0, 4.826498248021764)	('>10', 32.518217227044154)	('>50', 6.102333949615093)	('>100', 6.978507055224398)	('>500', 0.8858087878313486)	('>1k', 0.3060283320549469)	('>5k', 0.0)	('>10k+', 0.0)
BS465_2	(1.0, 5.00771336277669)	(2.0, 3.8650855901662897)	(3.0, 5.681683114807283)	(4.0, 7.05150316594695)	(5.0, 7.477761227924418)	(6.0, 7.253082307445167)	(7.0, 6.629379025085372)	(8.0, 5.5844950350987235)	(9.0, 4.567660303133206)	('>10', 32.9640735149201)	('>50', 6.44745950388683)	('>100', 6.541493701450627)	('>500', 0.6903343212508761)	('>1k', 0.23827582610746567)	('>5k', 0.0)	('>10k+', 0.0)
BS466_1	(1.0, 1.98072217840191)	(2.0, 0.6415076594371351)	(3.0, 0.8170714757574717)	(4.0, 1.1428385992931396)	(5.0, 1.6172753697699473)	(6.0, 2.2490743270154483)	(7.0, 3.0918798613426923)	(8.0, 3.7650298717584305)	(9.0, 4.552805269770949)	('>10', 66.07893632978106)	('>50', 6.356853421237734)	('>100', 6.31437469083813)	('>500', 0.8575584917411856)	('>1k', 0.5340724538547448)	('>5k', 0.0)	('>10k+', 0.0)
BS466_2	(1.0, 3.106303208629283)	(2.0, 0.7194045323863965)	(3.0, 0.8385399251598359)	(4.0, 1.14384297427998)	(5.0, 1.6677087744293009)	(6.0, 2.2863333982362235)	(7.0, 3.0399682739433076)	(8.0, 3.822258443510996)	(9.0, 4.506760409248506)	('>10', 65.42152593353595)	('>50', 6.523622523048163)	('>100', 6.032059629727972)	('>500', 0.576988791058407)	('>1k', 0.31468318280552826)	('>5k', 0.0)	('>10k+', 0.0)
BS467_1	(1.0, 1.8354155092710605)	(2.0, 0.37787011156443673)	(3.0, 0.31438623554197564)	(4.0, 0.3298191422194772)	(5.0, 0.39283893979778156)	(6.0, 0.4250517097450797)	(7.0, 0.5713349720983729)	(8.0, 0.6253825513956273)	(9.0, 0.7831524746873307)	('>10', 77.19380048850847)	('>50', 9.015726573397437)	('>100', 7.146950414973556)	('>500', 0.6549116577632902)	('>1k', 0.30839866565436636)	('>5k', 0.024960553381596026)	('>10k+', 0.0)
BS467_2	(1.0, 2.3744761486871253)	(2.0, 0.3907622341595713)	(3.0, 0.3371494018152082)	(4.0, 0.3316673861993177)	(5.0, 0.39852888733213954)	(6.0, 0.4271661612546098)	(7.0, 0.5434607363282353)	(8.0, 0.6511431605904812)	(9.0, 0.8149672867070594)	('>10', 76.34807995897467)	('>50', 9.751999386572246)	('>100', 6.813072914128904)	('>500', 0.5138668349344928)	('>1k', 0.3036595023159632)	('>5k', 0.0)	('>10k+', 0.0)
BS468_1	(1.0, 1.6610061010084227)	(2.0, 0.30173719780940006)	(3.0, 0.2025811597380277)	(4.0, 0.22277928953108084)	(5.0, 0.2103567348277533)	(6.0, 0.24054742752400615)	(7.0, 0.2470374629531979)	(8.0, 0.2907310141788748)	(9.0, 0.3388268454866892)	('>10', 63.703153403765434)	('>50', 12.084478516219594)	('>100', 13.07430686627978)	('>500', 3.2563312528856336)	('>1k', 3.6332043922284334)	('>5k', 0.3497344088433719)	('>10k+', 0.18318792672053796)
BS468_2	(1.0, 2.452147375014154)	(2.0, 0.3641123931344044)	(3.0, 0.23588523055201316)	(4.0, 0.22844048996609592)	(5.0, 0.21194627337731028)	(6.0, 0.24459744874393277)	(7.0, 0.25603795793171696)	(8.0, 0.29231708800456463)	(9.0, 0.31555972017693207)	('>10', 61.95811841126259)	('>50', 12.323305931598984)	('>100', 13.873081099823583)	('>500', 3.508566134946097)	('>1k', 3.372670945548312)	('>5k', 0.31380993284319897)	('>10k+', 0.04940356707605765)
BS469_1	(1.0, 2.3016290869987395)	(2.0, 1.4462555939552708)	(3.0, 2.155937121552359)	(4.0, 3.2887273452007926)	(5.0, 4.555085925944632)	(6.0, 5.3330426726118745)	(7.0, 6.1574866636047405)	(8.0, 6.274801227505113)	(9.0, 6.148916039949081)	('>10', 47.348199231231966)	('>50', 6.87835095103365)	('>100', 7.232255989970087)	('>500', 0.6730352903173394)	('>1k', 0.2062768601242754)	('>5k', 0.0)	('>10k+', 0.0)
BS469_2	(1.0, 3.120984597572873)	(2.0, 1.433372771226204)	(3.0, 2.1205648620095796)	(4.0, 3.236549152383443)	(5.0, 4.309393971007174)	(6.0, 5.142468926800794)	(7.0, 5.838882291308538)	(8.0, 6.125329894638972)	(9.0, 5.845495190721601)	('>10', 48.15387454409107)	('>50', 7.307297943654106)	('>100', 6.572164711478518)	('>500', 0.5876144746844042)	('>1k', 0.2060066684226404)	('>5k', 0.0)	('>10k+', 0.0)
BS470_1	(1.0, 3.0044957083342663)	(2.0, 3.176037370692707)	(3.0, 4.846975896377941)	(4.0, 6.2930256428505125)	(5.0, 7.074914203863834)	(6.0, 7.3937755703735935)	(7.0, 6.687499365587037)	(8.0, 5.769528113530547)	(9.0, 4.84503585893706)	('>10', 34.948605311920055)	('>50', 6.740756764519773)	('>100', 7.967580196938908)	('>500', 0.9916217627624384)	('>1k', 0.2601482333111166)	('>5k', 0.0)	('>10k+', 0.0)
BS470_2	(1.0, 3.8387748835276105)	(2.0, 3.0410735508554176)	(3.0, 4.6719089996639855)	(4.0, 5.871815873860466)	(5.0, 6.743090428910705)	(6.0, 6.984704686713242)	(7.0, 6.281291624191043)	(8.0, 5.5980672469009125)	(9.0, 4.760063952153012)	('>10', 36.58888585618871)	('>50', 7.250970052362246)	('>100', 7.4627249531607625)	('>500', 0.6807263480377153)	('>1k', 0.22590154347430733)	('>5k', 0.0)	('>10k+', 0.0)
BS471_1	(1.0, 1.940368237413031)	(2.0, 0.7616661803111509)	(3.0, 0.8994873172311757)	(4.0, 1.4126824814842294)	(5.0, 2.0633311658960114)	(6.0, 2.790730588625221)	(7.0, 3.671629241593571)	(8.0, 4.628138765539597)	(9.0, 5.210078882915132)	('>10', 63.58239085682942)	('>50', 5.941467025431148)	('>100', 6.094149259095405)	('>500', 0.76763423576543)	('>1k', 0.23624576186912571)	('>5k', 0.0)	('>10k+', 0.0)
BS471_2	(1.0, 2.5491371144203354)	(2.0, 0.7812146877452429)	(3.0, 0.9459046774762849)	(4.0, 1.379964597248501)	(5.0, 2.0695883913912696)	(6.0, 2.8700824767345456)	(7.0, 3.7823526248697656)	(8.0, 4.701579520432571)	(9.0, 5.339335154638667)	('>10', 64.34784006787483)	('>50', 5.932272842709491)	('>100', 4.848726004973494)	('>500', 0.34341188327293903)	('>1k', 0.10858995621207825)	('>5k', 0.0)	('>10k+', 0.0)
BS472_1	(1.0, 1.520710117397971)	(2.0, 0.2983579335583467)	(3.0, 0.1322975437743116)	(4.0, 0.10304206894986996)	(5.0, 0.06846281414568992)	(6.0, 0.06655782931574997)	(7.0, 0.05650047875145886)	(8.0, 0.056442779844955764)	(9.0, 0.0477679099797116)	('>10', 2.4958634502854746)	('>50', 7.238098141846157)	('>100', 61.34805961577242)	('>500', 5.742291801322806)	('>1k', 12.947843178976145)	('>5k', 4.351719456833447)	('>10k+', 3.525984879245477)
BS472_2	(1.0, 2.44882330767409)	(2.0, 0.3917920694062678)	(3.0, 0.18090300436617335)	(4.0, 0.12118669565220183)	(5.0, 0.0915217691146201)	(6.0, 0.07774817214963085)	(7.0, 0.06886665531272218)	(8.0, 0.06809598104739988)	(9.0, 0.059046602631381416)	('>10', 2.5715001966107467)	('>50', 7.365643161608841)	('>100', 57.55117005758251)	('>500', 6.192021296066242)	('>1k', 16.247178950275813)	('>5k', 4.241833483270732)	('>10k+', 2.3226685972306313)
BS473_1	(1.0, 1.9911910402457762)	(2.0, 0.8991773974021514)	(3.0, 1.3206453452626226)	(4.0, 1.9302832822323983)	(5.0, 2.785324562589227)	(6.0, 3.658211925346281)	(7.0, 4.520349549993116)	(8.0, 5.114719015137358)	(9.0, 5.469284092506206)	('>10', 49.87760032308139)	('>50', 6.41884904897488)	('>100', 9.504612898486165)	('>500', 2.96456427942204)	('>1k', 3.252045127230283)	('>5k', 0.21129709525517787)	('>10k+', 0.08184501683495315)
BS473_2	(1.0, 2.6661167218832333)	(2.0, 0.9471105900427761)	(3.0, 1.3123338980070856)	(4.0, 1.9750831268744717)	(5.0, 2.759980705015331)	(6.0, 3.611758798801721)	(7.0, 4.524950511789847)	(8.0, 4.92475994629703)	(9.0, 5.346462363713624)	('>10', 49.29784172341961)	('>50', 6.1933403906102775)	('>100', 10.298272832521835)	('>500', 3.3169474127542316)	('>1k', 2.692235907110954)	('>5k', 0.13280507115786044)	('>10k+', 0.0)
BS474_1	(1.0, 2.567617110850445)	(2.0, 2.1827707373977367)	(3.0, 3.3516136175847406)	(4.0, 4.88506894896663)	(5.0, 5.922977034731149)	(6.0, 6.386859811344402)	(7.0, 6.465633026048241)	(8.0, 5.944108831699606)	(9.0, 5.131303409633254)	('>10', 37.43724672829839)	('>50', 7.457920972321759)	('>100', 10.011366300431312)	('>500', 1.5710155814433011)	('>1k', 0.68449788924889)	('>5k', 0.0)	('>10k+', 0.0)
BS474_2	(1.0, 3.1471433740516823)	(2.0, 2.1052652975746584)	(3.0, 3.221689058631543)	(4.0, 4.644124866689475)	(5.0, 5.639825304394486)	(6.0, 6.0908301125654045)	(7.0, 6.180132826229891)	(8.0, 5.601545273598473)	(9.0, 5.005686158261377)	('>10', 38.940179638316366)	('>50', 8.04704652371985)	('>100', 9.846373465897658)	('>500', 1.0795697874770698)	('>1k', 0.4505883125919934)	('>5k', 0.0)	('>10k+', 0.0)
BS475_1	(1.0, 12.059796584530357)	(2.0, 11.858708538923581)	(3.0, 9.969771997178151)	(4.0, 7.469559140095342)	(5.0, 5.502109034438585)	(6.0, 4.053133078325815)	(7.0, 3.14152758878993)	(8.0, 2.4286543168418495)	(9.0, 2.021332792329629)	('>10', 22.666658849204353)	('>50', 6.460196562756175)	('>100', 9.077250716914504)	('>500', 1.7210411419891916)	('>1k', 1.4129771992917401)	('>5k', 0.08574752075643155)	('>10k+', 0.0715349376342464)
BS475_2	(1.0, 12.676341238468089)	(2.0, 11.430693267703603)	(3.0, 9.771234496721977)	(4.0, 7.33575842556806)	(5.0, 5.340071459696549)	(6.0, 4.032568108812903)	(7.0, 3.146727777193898)	(8.0, 2.5645785123674982)	(9.0, 2.089669902840578)	('>10', 24.333598483961918)	('>50', 6.774773392984149)	('>100', 8.108191043649265)	('>500', 1.3983945342343878)	('>1k', 0.9973993557969754)	('>5k', 0.0)	('>10k+', 0.0)
BS476_1	(1.0, 18.184046585739573)	(2.0, 14.81896689920768)	(3.0, 10.380584958008699)	(4.0, 7.008237938136881)	(5.0, 4.82430140074315)	(6.0, 3.5134243589143743)	(7.0, 2.7597497252448635)	(8.0, 2.2108793970940943)	(9.0, 1.8560615150035924)	('>10', 20.02904332188158)	('>50', 5.169285570106644)	('>100', 6.8535736007676356)	('>500', 1.2456351180781882)	('>1k', 1.0902247763195902)	('>5k', 0.0)	('>10k+', 0.05598483475326916)
BS476_2	(1.0, 18.239820343615374)	(2.0, 14.484314387921046)	(3.0, 10.345595977727214)	(4.0, 6.965302952030161)	(5.0, 4.995132656659981)	(6.0, 3.640237917113424)	(7.0, 2.765547971804688)	(8.0, 2.2469670693297275)	(9.0, 1.9543097422867843)	('>10', 20.914665374149195)	('>50', 5.138085347915842)	('>100', 6.246811861263408)	('>500', 1.189319091523985)	('>1k', 0.8446802387680311)	('>5k', 0.029209067891214406)	('>10k+', 0.0)
BS477_1	(1.0, 17.295104874067714)	(2.0, 15.102322129149082)	(3.0, 11.18764353563003)	(4.0, 7.653502918047186)	(5.0, 5.262924572251523)	(6.0, 3.8220358344776098)	(7.0, 2.9402067125910767)	(8.0, 2.3757120333078454)	(9.0, 1.8733048305024858)	('>10', 20.372997204180653)	('>50', 5.137931129456089)	('>100', 5.741563844099563)	('>500', 0.764177451688099)	('>1k', 0.4180308258828907)	('>5k', 0.05254210466804227)	('>10k+', 0.0)
BS477_2	(1.0, 17.192854768337153)	(2.0, 14.891909060121522)	(3.0, 10.901992732962736)	(4.0, 7.716669059994093)	(5.0, 5.297314100213039)	(6.0, 3.891901596080664)	(7.0, 3.0116328755259136)	(8.0, 2.4265061282975826)	(9.0, 2.0122622121882054)	('>10', 21.671594165281316)	('>50', 5.1458447863561645)	('>100', 4.9635687481747235)	('>500', 0.5865119478589619)	('>1k', 0.2894378186078524)	('>5k', 0.0)	('>10k+', 0.0)
BS478_1	(1.0, 15.775175015565143)	(2.0, 14.406339220168757)	(3.0, 11.037813366719277)	(4.0, 7.639379670106187)	(5.0, 5.391103145410858)	(6.0, 3.8033148654400257)	(7.0, 2.8735870637885355)	(8.0, 2.3496886400402492)	(9.0, 1.9800979044334814)	('>10', 20.421575011493303)	('>50', 5.350760715175032)	('>100', 6.73685683418587)	('>500', 1.2445143252311779)	('>1k', 0.9012519580777286)	('>5k', 0.08854226416423717)	('>10k+', 0.0)
BS478_2	(1.0, 16.187729758325066)	(2.0, 13.998277952607069)	(3.0, 10.778082445557862)	(4.0, 7.665433783747745)	(5.0, 5.364832918443929)	(6.0, 3.908326128625103)	(7.0, 3.0642255661023263)	(8.0, 2.342683532655702)	(9.0, 1.9703399825837749)	('>10', 21.63881366578721)	('>50', 5.233510802278391)	('>100', 6.111137256955219)	('>500', 0.9418494167472017)	('>1k', 0.7484590803737123)	('>5k', 0.04629770920961009)	('>10k+', 0.0)
BS479_1	(1.0, 8.159657290196968)	(2.0, 9.779337070691325)	(3.0, 10.909420967550865)	(4.0, 9.689253481305556)	(5.0, 7.864160785604948)	(6.0, 5.774817924763307)	(7.0, 4.430409206331989)	(8.0, 3.5293860472599476)	(9.0, 2.663975762406732)	('>10', 23.76824339279188)	('>50', 5.116860518265839)	('>100', 6.1996314057310915)	('>500', 1.123876699676792)	('>1k', 0.9909694474225581)	('>5k', 0.0)	('>10k+', 0.0)
BS479_2	(1.0, 9.170214105319134)	(2.0, 9.51969445097265)	(3.0, 10.600784778759701)	(4.0, 9.41801754231295)	(5.0, 7.731145540629529)	(6.0, 5.912885649137247)	(7.0, 4.435523673312915)	(8.0, 3.636374713926734)	(9.0, 2.822047846112538)	('>10', 24.725773032406476)	('>50', 4.983547771186099)	('>100', 5.365363782146359)	('>500', 0.7817559920677326)	('>1k', 0.8153187296982516)	('>5k', 0.08155239201171381)	('>10k+', 0.0)
BS480_1	(1.0, 3.8357519913220277)	(2.0, 3.249970211790165)	(3.0, 5.349766902602291)	(4.0, 7.112920393005758)	(5.0, 7.937390456864632)	(6.0, 7.846347550412418)	(7.0, 7.164543158638629)	(8.0, 6.205243390408657)	(9.0, 4.969922818307408)	('>10', 33.69770511250415)	('>50', 5.635524131527232)	('>100', 5.912061763261053)	('>500', 0.7440170934365801)	('>1k', 0.3061844665696953)	('>5k', 0.03265055934946573)	('>10k+', 0.0)
BS480_2	(1.0, 4.912577703173699)	(2.0, 3.252758996390122)	(3.0, 5.254865706067743)	(4.0, 6.980581510222874)	(5.0, 7.786504953954636)	(6.0, 7.853512724232768)	(7.0, 7.094629844554104)	(8.0, 6.157976819506668)	(9.0, 4.982178623154804)	('>10', 35.359527858171276)	('>50', 5.385392963276969)	('>100', 4.368338675335974)	('>500', 0.40552710272828835)	('>1k', 0.2056265192301844)	('>5k', 0.0)	('>10k+', 0.0)
BS481_1	(1.0, 5.097135246200851)	(2.0, 5.969581479536542)	(3.0, 8.259929639121996)	(4.0, 8.884647774631752)	(5.0, 8.539456196698467)	(6.0, 7.168882223112067)	(7.0, 5.5984037197109355)	(8.0, 4.43721085245103)	(9.0, 3.4110880042795904)	('>10', 28.324751680117465)	('>50', 5.997865463838069)	('>100', 6.989929848059644)	('>500', 0.900280913386458)	('>1k', 0.42083695885512656)	('>5k', 0.0)	('>10k+', 0.0)
BS481_2	(1.0, 5.61184942899482)	(2.0, 5.939727715724716)	(3.0, 8.167663437196982)	(4.0, 8.87436807026046)	(5.0, 8.449304420314107)	(6.0, 7.14776575714253)	(7.0, 5.581828021063223)	(8.0, 4.592633106267202)	(9.0, 3.60071852876436)	('>10', 30.27954130752844)	('>50', 5.859231197993737)	('>100', 5.2872962913888895)	('>500', 0.5078611308498897)	('>1k', 0.10021158651054769)	('>5k', 0.0)	('>10k+', 0.0)
BS482_1	(1.0, 10.573090522382461)	(2.0, 12.224557936005887)	(3.0, 12.097932238025402)	(4.0, 9.92278345640296)	(5.0, 7.329177506508376)	(6.0, 5.349561369643051)	(7.0, 4.037640099249198)	(8.0, 3.0974887754252074)	(9.0, 2.544972162255438)	('>10', 22.853577822194772)	('>50', 4.784666495053689)	('>100', 4.564846109471004)	('>500', 0.46358161300455014)	('>1k', 0.1561238943780553)	('>5k', 0.0)	('>10k+', 0.0)
BS482_2	(1.0, 11.626103175671213)	(2.0, 12.010567659141527)	(3.0, 11.876557017687778)	(4.0, 9.795046274630302)	(5.0, 7.539446057231509)	(6.0, 5.407349675811466)	(7.0, 4.305271702096951)	(8.0, 3.344818095755108)	(9.0, 2.677498899319509)	('>10', 23.85275144979786)	('>50', 4.035534770107117)	('>100', 3.2509243439201487)	('>500', 0.203706591629922)	('>1k', 0.07442428719933036)	('>5k', 0.0)	('>10k+', 0.0)
BS483_1	(1.0, 11.449342449078497)	(2.0, 11.87320175690343)	(3.0, 10.628061679349136)	(4.0, 8.477004634843945)	(5.0, 6.424720795094334)	(6.0, 4.646518993671943)	(7.0, 3.700885607361305)	(8.0, 2.8780544121291185)	(9.0, 2.3566849018902642)	('>10', 23.94532940099253)	('>50', 5.697791225735948)	('>100', 6.678957202902704)	('>500', 0.8659867646381256)	('>1k', 0.37746017540878596)	('>5k', 0.0)	('>10k+', 0.0)
BS483_2	(1.0, 12.193591376752973)	(2.0, 11.549202930535694)	(3.0, 10.606407441276334)	(4.0, 8.59064010799612)	(5.0, 6.42056021385519)	(6.0, 4.8702851801459515)	(7.0, 3.8688857927854445)	(8.0, 3.0081114986208477)	(9.0, 2.484455695992636)	('>10', 25.477782711073232)	('>50', 5.264500340041426)	('>100', 5.068970256704137)	('>500', 0.4430451253827036)	('>1k', 0.15356132883731632)	('>5k', 0.0)	('>10k+', 0.0)
BS484_1	(1.0, 7.339309908480073)	(2.0, 8.973146980330236)	(3.0, 9.92856421176611)	(4.0, 9.151782289574486)	(5.0, 7.626994023127522)	(6.0, 5.820847621049501)	(7.0, 4.431846931973681)	(8.0, 3.467069992832456)	(9.0, 2.753783398945441)	('>10', 25.379207421899864)	('>50', 5.7557683637647195)	('>100', 7.121317608062805)	('>500', 1.1176090848357394)	('>1k', 1.0247166293537102)	('>5k', 0.10803553400368854)	('>10k+', 0.0)
BS484_2	(1.0, 8.671357572327821)	(2.0, 9.389608183785526)	(3.0, 10.702664474115121)	(4.0, 9.780328333821487)	(5.0, 8.013992551785458)	(6.0, 6.089862803221079)	(7.0, 4.796400969784317)	(8.0, 3.7055363102505434)	(9.0, 2.9155174989995594)	('>10', 25.228191913964064)	('>50', 4.643625718074381)	('>100', 4.72174373498987)	('>500', 0.6066381412653167)	('>1k', 0.6735263709870363)	('>5k', 0.06100542262830595)	('>10k+', 0.0)
BS485_1	(1.0, 17.565809952624427)	(2.0, 14.503203636040022)	(3.0, 10.269682073860938)	(4.0, 7.296532610269659)	(5.0, 4.98807598173525)	(6.0, 3.6729886310729487)	(7.0, 3.0220204897697975)	(8.0, 2.4331540074254114)	(9.0, 2.0023648367445817)	('>10', 21.845582619757085)	('>50', 5.210139558968244)	('>100', 5.882198964741766)	('>500', 0.8996872382760609)	('>1k', 0.40855939871396696)	('>5k', 0.0)	('>10k+', 0.0)
BS485_2	(1.0, 18.76857532667715)	(2.0, 14.230634316685856)	(3.0, 10.36632300873525)	(4.0, 7.2894982903872405)	(5.0, 5.144047977919227)	(6.0, 4.059792365257894)	(7.0, 3.104774585500889)	(8.0, 2.5150796483832343)	(9.0, 2.1395919962689627)	('>10', 22.012677233361696)	('>50', 4.766367459748971)	('>100', 4.8231410962997785)	('>500', 0.4860106670199862)	('>1k', 0.29348602775379673)	('>5k', 0.0)	('>10k+', 0.0)
BS486_1	(1.0, 6.55765431851129)	(2.0, 7.704174482917797)	(3.0, 8.951466338183016)	(4.0, 8.568097744718813)	(5.0, 7.539606226615097)	(6.0, 5.901492653909385)	(7.0, 4.7119512903869945)	(8.0, 3.7223048301087864)	(9.0, 2.9224596948300463)	('>10', 27.279223259199846)	('>50', 6.490226655409033)	('>100', 7.815485043841871)	('>500', 1.214460166112834)	('>1k', 0.6213972952552017)	('>5k', 0.0)	('>10k+', 0.0)
BS486_2	(1.0, 7.074463650106298)	(2.0, 7.589672959621539)	(3.0, 8.830987703234461)	(4.0, 8.661943729455094)	(5.0, 7.6234862524833105)	(6.0, 6.161559310259341)	(7.0, 4.782655416113465)	(8.0, 3.921568475816908)	(9.0, 3.120440664504491)	('>10', 29.127145727279256)	('>50', 6.09070296396587)	('>100', 6.000604705830082)	('>500', 0.6622636130721967)	('>1k', 0.3525048282575674)	('>5k', 0.0)	('>10k+', 0.0)
