Sample	0	1	2	3	4	5	6	7	8	9	10	11	12	13	14	15	16	17	18	19	20	21	22	23	24	25	26	27	28	29	30	31	32	33	34	35	36	37
BS443_1	(1, 0.001147504372288821)	(2, 0.06858967369501666)	(3, 0.0)	(4, 0.0)	(5, 0.0)	(6, 0.0)	(7, 0.0)	(8, 0.0)	(9, 0.0)	(10, 0.0)	(15, 0.0)	(20, 0.0)	(25, 0.0)	(30, 0.0)	(35, 0.0)	(40, 0.0)	(45, 0.0)	(50, 0.0)	(55, 0.0)	(60, 0.0)	(65, 0.0)	(70, 0.0)	(75, 0.0)	(80, 0.0)	(85, 0.0)	(90, 0.0)	(95, 0.0)	(100, 0.0)	(105, 0.0)	(110, 0.0)	(115, 0.0)	(120, 0.0)	(125, 0.0)	(130, 0.0)	(135, 0.0)	(140, 2.7430383401326394e-06)	(145, 0.0)	(150, 0.0)
BS443_2	(1, 0.0005074620929245384)	(2, 0.00045717305668877326)	(3, 0.0)	(4, 0.0)	(5, 0.0)	(6, 0.0)	(7, 0.0)	(8, 0.0)	(9, 0.0)	(10, 0.0)	(15, 0.0)	(20, 0.0)	(25, 0.0)	(30, 0.0)	(35, 0.0)	(40, 0.0)	(45, 0.0)	(50, 0.0)	(55, 0.0)	(60, 0.0)	(65, 0.0)	(70, 0.0)	(75, 0.0)	(80, 0.0)	(85, 0.0)	(90, 0.0)	(95, 0.0)	(100, 0.0)	(105, 0.0)	(110, 0.0)	(115, 0.0)	(120, 0.0)	(125, 0.0)	(130, 0.0)	(135, 0.0)	(140, 0.0)	(145, 0.0)	(150, 0.0)
BS444_1	(1, 0.037532138979963235)	(2, 0.021592863573759502)	(3, 0.0001618200548853171)	(4, 0.0)	(5, 0.0462957063273462)	(6, 0.00119847978149438)	(7, 0.0)	(8, 0.0)	(9, 0.0)	(10, 0.0)	(15, 3.640951234919635e-05)	(20, 2.0227506860664637e-05)	(25, 1.0113753430332318e-06)	(30, 0.0)	(35, 0.000684701107233498)	(40, 2.0227506860664637e-06)	(45, 0.0014017662254440595)	(50, 0.0001901385644902476)	(55, 4.854601646559514e-05)	(60, 0.0034548581718015204)	(65, 0.0014543577432817876)	(70, 8.091002744265855e-05)	(75, 0.00019822956723451347)	(80, 3.337538632009665e-05)	(85, 0.0004844487893129181)	(90, 0.0)	(95, 0.0)	(100, 0.00033881073991613275)	(105, 0.00043792552353338947)	(110, 0.0014836876282297515)	(115, 0.0018922832668151772)	(120, 0.006902636716201809)	(125, 0.00033881073991613275)	(130, 0.0003074581042821025)	(135, 0.004364084605188397)	(140, 0.004503654402526982)	(145, 3.0341260290996964e-06)	(150, 0.0007231333702687609)
BS444_2	(1, 0.03803276977476469)	(2, 0.04269015322943272)	(3, 0.0002781282193341388)	(4, 0.0)	(5, 0.0)	(6, 0.0005107445482317822)	(7, 0.00023261632889764333)	(8, 1.517063014549848e-05)	(9, 5.056876715166159e-06)	(10, 0.00020834332066484577)	(15, 0.0006675077264019331)	(20, 0.0003104922303112022)	(25, 0.001590893414591274)	(30, 7.079627401232625e-06)	(35, 0.00013653567130948632)	(40, 5.05687671516616e-05)	(45, 0.0)	(50, 0.0012308437924714434)	(55, 0.001969147792885703)	(60, 1.0113753430332318e-06)	(65, 5.056876715166159e-06)	(70, 7.686452607052563e-05)	(75, 0.0011529678910578846)	(80, 0.0012935490637395036)	(85, 0.0009102378087299087)	(90, 0.0003549927454046644)	(95, 0.0005724384441568093)	(100, 0.0)	(105, 0.001191400154093147)	(110, 0.00012945604390825368)	(115, 0.00037420887692229585)	(120, 0.0005491768112670449)	(125, 0.001247025797959975)	(130, 0.0007160537428675283)	(135, 0.003985830226893967)	(140, 2.52843835758308e-05)	(145, 0.0003003784768808699)	(150, 0.0009405790690209057)
BS445_1	(1, 0.0011118936577493104)	(2, 0.08072811244284056)	(3, 9.265780481244253e-06)	(4, 0.0)	(5, 0.0)	(6, 0.00034746676804665947)	(7, 0.0)	(8, 0.0)	(9, 9.265780481244253e-06)	(10, 7.412624384995403e-06)	(15, 1.8531560962488507e-06)	(20, 9.358438286056696e-05)	(25, 8.246544628307385e-05)	(30, 0.0)	(35, 0.00015103222184428133)	(40, 0.0001463993316036592)	(45, 0.0)	(50, 0.0)	(55, 0.0)	(60, 0.0001167488340636776)	(65, 0.0)	(70, 0.0)	(75, 0.0)	(80, 0.00012508803649679742)	(85, 9.265780481244254e-07)	(90, 0.0)	(95, 0.0)	(100, 0.0)	(105, 0.0)	(110, 0.0)	(115, 0.0)	(120, 0.0)	(125, 0.0)	(130, 7.412624384995403e-06)	(135, 0.0)	(140, 0.0)	(145, 0.0)	(150, 0.0)
BS445_2	(1, 0.0004354916826184799)	(2, 0.001357436840502283)	(3, 0.0)	(4, 0.0)	(5, 0.0)	(6, 0.00031503653636230465)	(7, 0.0)	(8, 0.0)	(9, 0.0)	(10, 0.0)	(15, 0.0)	(20, 0.0)	(25, 0.00016215115842177442)	(30, 0.0)	(35, 9.173122676431812e-05)	(40, 0.0)	(45, 9.265780481244254e-07)	(50, 0.0)	(55, 1.6678404866239657e-05)	(60, 0.0)	(65, 0.0)	(70, 0.0)	(75, 0.0)	(80, 0.0)	(85, 0.0)	(90, 0.0)	(95, 0.0)	(100, 0.0)	(105, 4.540232435809684e-05)	(110, 0.0)	(115, 0.0)	(120, 0.0)	(125, 0.0)	(130, 0.0)	(135, 0.0)	(140, 0.0)	(145, 0.0)	(150, 0.0)
BS446_1	(1, 0.0041233306024527966)	(2, 0.06470457253079774)	(3, 4.95592620487115e-06)	(4, 0.00029735557229226904)	(5, 0.007696553396164896)	(6, 0.0)	(7, 0.0)	(8, 0.0)	(9, 0.0)	(10, 0.0007850187108515902)	(15, 5.5506373494556883e-05)	(20, 1.9823704819484603e-06)	(25, 1.3876593373639221e-05)	(30, 5.9471114458453805e-06)	(35, 0.00023292853162894405)	(40, 0.0001942723072309491)	(45, 0.0)	(50, 0.0)	(55, 0.0)	(60, 9.911852409742302e-07)	(65, 8.623311596475802e-05)	(70, 2.9735557229226902e-06)	(75, 0.0)	(80, 0.0)	(85, 0.0)	(90, 0.0)	(95, 4.95592620487115e-06)	(100, 1.9823704819484603e-06)	(105, 0.0)	(110, 0.0)	(115, 0.0)	(120, 0.00019328112198997485)	(125, 9.911852409742302e-07)	(130, 0.0)	(135, 0.0)	(140, 9.911852409742302e-07)	(145, 2.3788445783381522e-05)	(150, 0.0)
BS446_2	(1, 0.0002923996460873979)	(2, 0.00031222335090688247)	(3, 0.0)	(4, 0.0)	(5, 0.00014372185994126336)	(6, 0.0)	(7, 0.0)	(8, 0.0)	(9, 0.0)	(10, 7.731244879598994e-05)	(15, 9.911852409742302e-07)	(20, 1.9823704819484603e-06)	(25, 0.0)	(30, 0.0)	(35, 8.127718975988686e-05)	(40, 0.0)	(45, 9.911852409742302e-07)	(50, 2.9735557229226902e-06)	(55, 0.0)	(60, 2.97355572292269e-05)	(65, 0.0)	(70, 0.0)	(75, 0.0)	(80, 0.0)	(85, 0.00010605682078424262)	(90, 3.964740963896921e-06)	(95, 0.0)	(100, 0.0)	(105, 0.0)	(110, 4.063859487994343e-05)	(115, 0.0)	(120, 0.0)	(125, 0.0)	(130, 0.0)	(135, 3.865622439799497e-05)	(140, 0.0)	(145, 0.0)	(150, 0.0)
BS447_1	(1, 0.0011404005230877467)	(2, 0.06928947367946578)	(3, 0.0)	(4, 0.0)	(5, 0.0)	(6, 0.0)	(7, 0.0)	(8, 0.0)	(9, 0.0)	(10, 0.0)	(15, 0.0)	(20, 0.0)	(25, 0.0)	(30, 0.0)	(35, 0.0)	(40, 0.0)	(45, 0.0)	(50, 0.0)	(55, 0.0)	(60, 0.0)	(65, 0.0)	(70, 0.0)	(75, 0.0)	(80, 0.0)	(85, 0.0)	(90, 0.0)	(95, 0.0)	(100, 0.0)	(105, 0.0)	(110, 0.0)	(115, 0.0)	(120, 0.0)	(125, 0.0)	(130, 0.0)	(135, 0.0)	(140, 9.015023897926851e-07)	(145, 0.0)	(150, 0.0)
BS447_2	(1, 0.000549916457773538)	(2, 0.0004462436829473792)	(3, 0.0)	(4, 0.0)	(5, 0.0)	(6, 0.0)	(7, 0.0)	(8, 0.0)	(9, 0.0)	(10, 0.0)	(15, 0.0)	(20, 0.0)	(25, 0.0)	(30, 0.0)	(35, 0.0)	(40, 0.0)	(45, 0.0)	(50, 0.0)	(55, 0.0)	(60, 0.0)	(65, 0.0)	(70, 0.0)	(75, 0.0)	(80, 0.0)	(85, 0.0)	(90, 0.0)	(95, 0.0)	(100, 0.0)	(105, 0.0)	(110, 0.0)	(115, 0.0)	(120, 0.0)	(125, 0.0)	(130, 0.0)	(135, 0.0)	(140, 0.0)	(145, 0.0)	(150, 0.0)
BS448_1	(1, 0.0010321738835951826)	(2, 0.08203649783913118)	(3, 4.265181337170177e-06)	(4, 0.0)	(5, 0.0)	(6, 0.0003923966830196563)	(7, 0.0)	(8, 0.0)	(9, 0.0)	(10, 4.265181337170177e-06)	(15, 0.0)	(20, 9.554006195261196e-05)	(25, 7.506719153419511e-05)	(30, 0.0)	(35, 0.0001765785073588453)	(40, 0.00017060725348680707)	(45, 0.0)	(50, 0.0)	(55, 0.0)	(60, 0.00012027811370819899)	(65, 0.0)	(70, 0.0)	(75, 0.0)	(80, 0.0001160129323710288)	(85, 8.530362674340353e-07)	(90, 0.0)	(95, 0.0)	(100, 0.0)	(105, 1.7060725348680707e-06)	(110, 0.0)	(115, 0.0)	(120, 0.0)	(125, 0.0)	(130, 1.3648580278944565e-05)	(135, 0.0)	(140, 3.4121450697361413e-06)	(145, 0.0)	(150, 0.0)
BS448_2	(1, 0.000554473573832123)	(2, 0.0017529895295769428)	(3, 0.0)	(4, 0.0)	(5, 0.0)	(6, 0.00040519222703116684)	(7, 0.0)	(8, 0.0)	(9, 0.0)	(10, 0.0)	(15, 0.0)	(20, 0.0)	(25, 0.00016463599961476883)	(30, 0.0)	(35, 8.274451794110143e-05)	(40, 8.530362674340353e-07)	(45, 4.265181337170177e-06)	(50, 0.0)	(55, 1.706072534868071e-05)	(60, 0.0)	(65, 0.0)	(70, 0.0)	(75, 0.0)	(80, 0.0)	(85, 0.0)	(90, 0.0)	(95, 0.0)	(100, 0.0)	(105, 4.777003097630598e-05)	(110, 0.0)	(115, 0.0)	(120, 0.0)	(125, 0.0)	(130, 0.0)	(135, 0.0)	(140, 0.0)	(145, 0.0)	(150, 0.0)
BS449_1	(1, 0.0010492189422313524)	(2, 0.08736686911965345)	(3, 8.1651279551078e-06)	(4, 0.0)	(5, 0.0)	(6, 0.00045724716548603686)	(7, 0.0)	(8, 4.0825639775539e-06)	(9, 4.0825639775539e-06)	(10, 4.89907677306468e-06)	(15, 3.26605118204312e-06)	(20, 0.00014860532878296196)	(25, 0.00011676132975804154)	(30, 0.0)	(35, 0.00024903640263078793)	(40, 0.0002474033770397663)	(45, 0.0)	(50, 0.0)	(55, 0.0)	(60, 0.00017473373823930692)	(65, 0.0)	(70, 0.0)	(75, 0.0)	(80, 0.000163302559102156)	(85, 3.26605118204312e-06)	(90, 0.0)	(95, 0.0)	(100, 0.0)	(105, 3.26605118204312e-06)	(110, 0.0)	(115, 0.0)	(120, 0.0)	(125, 0.0)	(130, 1.63302559102156e-05)	(135, 0.0)	(140, 8.1651279551078e-07)	(145, 0.0)	(150, 0.0)
BS449_2	(1, 0.0005919717767453155)	(2, 0.0018330712259217012)	(3, 4.0825639775539e-06)	(4, 0.0)	(5, 0.0)	(6, 0.0005103204971942375)	(7, 0.0)	(8, 0.0)	(9, 0.0)	(10, 0.0)	(15, 0.0)	(20, 0.0)	(25, 0.00023433917231159386)	(30, 0.0)	(35, 0.00011512830416702)	(40, 0.0)	(45, 2.44953838653234e-06)	(50, 0.0)	(55, 3.021097343389886e-05)	(60, 0.0)	(65, 0.0)	(70, 0.0)	(75, 0.0)	(80, 0.0)	(85, 0.0)	(90, 0.0)	(95, 0.0)	(100, 0.0)	(105, 6.858707482290552e-05)	(110, 0.0)	(115, 0.0)	(120, 0.0)	(125, 0.0)	(130, 0.0)	(135, 0.0)	(140, 0.0)	(145, 0.0)	(150, 0.0)
BS450_1	(1, 0.002037621744169258)	(2, 0.07132102385292019)	(3, 1.2788420988509988e-05)	(4, 9.804456091190991e-05)	(5, 0.002621626302644547)	(6, 0.0002685568407587097)	(7, 0.0)	(8, 0.0)	(9, 4.262806996169996e-06)	(10, 0.0003009541739296017)	(15, 2.301915777931798e-05)	(20, 6.649978914025194e-05)	(25, 6.308954354331594e-05)	(30, 8.525613992339991e-06)	(35, 0.00023104413919241377)	(40, 0.0001867109464322458)	(45, 1.7051227984679985e-06)	(50, 8.525613992339993e-07)	(55, 1.7051227984679985e-06)	(60, 9.037150831880391e-05)	(65, 3.324989457012597e-05)	(70, 8.525613992339993e-07)	(75, 8.525613992339993e-07)	(80, 8.184589432646392e-05)	(85, 8.525613992339993e-07)	(90, 0.0)	(95, 0.0)	(100, 3.410245596935997e-06)	(105, 0.0)	(110, 8.525613992339993e-07)	(115, 8.525613992339993e-07)	(120, 7.758308733029392e-05)	(125, 0.0)	(130, 1.108329819004199e-05)	(135, 0.0)	(140, 4.262806996169996e-06)	(145, 1.4493543786977985e-05)	(150, 0.0)
BS450_2	(1, 0.00038365262965529964)	(2, 0.000993234030107609)	(3, 0.0)	(4, 0.0)	(5, 6.394210494254994e-05)	(6, 0.0002600312267663697)	(7, 0.0)	(8, 0.0)	(9, 0.0)	(10, 3.5807578767827966e-05)	(15, 1.7051227984679985e-06)	(20, 1.7051227984679985e-06)	(25, 0.00010998042050118589)	(30, 0.0)	(35, 0.00010657017490424989)	(40, 0.0)	(45, 2.5576841977019974e-06)	(50, 3.410245596935997e-06)	(55, 1.1935859589275988e-05)	(60, 1.108329819004199e-05)	(65, 0.0)	(70, 0.0)	(75, 0.0)	(80, 0.0)	(85, 3.4102455969359966e-05)	(90, 2.5576841977019974e-06)	(95, 0.0)	(100, 0.0)	(105, 4.433319276016796e-05)	(110, 1.9608912182381983e-05)	(115, 0.0)	(120, 8.525613992339993e-07)	(125, 0.0)	(130, 0.0)	(135, 1.6198666585445983e-05)	(140, 0.0)	(145, 0.0)	(150, 0.0)
BS451_1	(1, 0.0012076315920800575)	(2, 0.06779568017976964)	(3, 0.0)	(4, 0.0)	(5, 0.0)	(6, 0.0)	(7, 0.0)	(8, 0.0)	(9, 0.0)	(10, 0.0)	(15, 0.0)	(20, 0.0)	(25, 0.0)	(30, 0.0)	(35, 0.0)	(40, 0.0)	(45, 0.0)	(50, 0.0)	(55, 0.0)	(60, 0.0)	(65, 0.0)	(70, 0.0)	(75, 0.0)	(80, 0.0)	(85, 0.0)	(90, 0.0)	(95, 0.0)	(100, 0.0)	(105, 0.0)	(110, 0.0)	(115, 0.0)	(120, 0.0)	(125, 0.0)	(130, 0.0)	(135, 0.0)	(140, 8.415551164320959e-07)	(145, 0.0)	(150, 0.0)
BS451_2	(1, 0.00047127086520197363)	(2, 0.00042498533379820843)	(3, 0.0)	(4, 0.0)	(5, 0.0)	(6, 0.0)	(7, 0.0)	(8, 0.0)	(9, 0.0)	(10, 0.0)	(15, 0.0)	(20, 0.0)	(25, 0.0)	(30, 0.0)	(35, 0.0)	(40, 0.0)	(45, 0.0)	(50, 0.0)	(55, 0.0)	(60, 0.0)	(65, 0.0)	(70, 0.0)	(75, 0.0)	(80, 0.0)	(85, 0.0)	(90, 0.0)	(95, 0.0)	(100, 0.0)	(105, 0.0)	(110, 0.0)	(115, 0.0)	(120, 0.0)	(125, 0.0)	(130, 0.0)	(135, 0.0)	(140, 0.0)	(145, 0.0)	(150, 0.0)
BS452_1	(1, 0.0022093160825354076)	(2, 0.06135957691411363)	(3, 9.28284068292188e-06)	(4, 0.0001485254509267501)	(5, 0.0033511054865347986)	(6, 0.0)	(7, 0.0)	(8, 0.0)	(9, 0.0)	(10, 0.00035367623001932366)	(15, 1.9493965434135947e-05)	(20, 0.0)	(25, 3.713136273168752e-06)	(30, 6.497988478045316e-06)	(35, 0.0001327446217657829)	(40, 8.633041835117348e-05)	(45, 0.0)	(50, 0.0)	(55, 9.28284068292188e-07)	(60, 0.0)	(65, 3.991621493656408e-05)	(70, 2.784852204876564e-06)	(75, 0.0)	(80, 0.0)	(85, 0.0)	(90, 0.0)	(95, 7.426272546337504e-06)	(100, 1.856568136584376e-06)	(105, 0.0)	(110, 0.0)	(115, 0.0)	(120, 7.611929359995942e-05)	(125, 0.0)	(130, 0.0)	(135, 0.0)	(140, 9.28284068292188e-07)	(145, 1.6709113229259385e-05)	(150, 0.0)
BS452_2	(1, 0.00033882368492664863)	(2, 0.00030633374253642205)	(3, 0.0)	(4, 0.0)	(5, 4.177278307314846e-05)	(6, 0.0)	(7, 0.0)	(8, 0.0)	(9, 0.0)	(10, 3.0633374253642206e-05)	(15, 1.856568136584376e-06)	(20, 1.856568136584376e-06)	(25, 9.28284068292188e-07)	(30, 0.0)	(35, 2.7848522048765638e-05)	(40, 2.784852204876564e-06)	(45, 0.0)	(50, 3.713136273168752e-06)	(55, 0.0)	(60, 1.4852545092675008e-05)	(65, 9.28284068292188e-07)	(70, 0.0)	(75, 0.0)	(80, 0.0)	(85, 4.919905561948597e-05)	(90, 4.64142034146094e-06)	(95, 0.0)	(100, 0.0)	(105, 0.0)	(110, 2.1350533570720326e-05)	(115, 0.0)	(120, 0.0)	(125, 0.0)	(130, 0.0)	(135, 2.0422249502428136e-05)	(140, 0.0)	(145, 0.0)	(150, 0.0)
BS453_1	(1, 0.0011318003639453676)	(2, 0.081164396214427)	(3, 8.672799723719292e-06)	(4, 0.0)	(5, 0.0)	(6, 0.00027752959115901735)	(7, 0.0)	(8, 0.0)	(9, 0.0)	(10, 5.203679834231576e-06)	(15, 2.601839917115788e-06)	(20, 9.453351698854029e-05)	(25, 8.065703743058941e-05)	(30, 0.0)	(35, 0.00018212879419810514)	(40, 0.00017692511436387355)	(45, 0.0)	(50, 0.0)	(55, 0.0)	(60, 0.0001335611157452771)	(65, 0.0)	(70, 0.0)	(75, 0.0)	(80, 0.00011968463618732622)	(85, 1.7345599447438582e-06)	(90, 0.0)	(95, 0.0)	(100, 0.0)	(105, 3.4691198894877165e-06)	(110, 0.0)	(115, 0.0)	(120, 0.0)	(125, 0.0)	(130, 1.3876479557950866e-05)	(135, 0.0)	(140, 8.672799723719291e-07)	(145, 0.0)	(150, 0.0)
BS453_2	(1, 0.0004726675849427014)	(2, 0.0013312747575909114)	(3, 0.0)	(4, 0.0)	(5, 0.0)	(6, 0.0002905387907445963)	(7, 0.0)	(8, 0.0)	(9, 0.0)	(10, 0.0)	(15, 0.0)	(20, 0.0)	(25, 0.0001569776749993192)	(30, 0.0)	(35, 8.932983715430871e-05)	(40, 2.601839917115788e-06)	(45, 3.4691198894877165e-06)	(50, 0.0)	(55, 2.1681999309298232e-05)	(60, 0.0)	(65, 0.0)	(70, 0.0)	(75, 0.0)	(80, 0.0)	(85, 0.0)	(90, 0.0)	(95, 0.0)	(100, 0.0)	(105, 5.2036798342315746e-05)	(110, 0.0)	(115, 0.0)	(120, 0.0)	(125, 0.0)	(130, 0.0)	(135, 0.0)	(140, 0.0)	(145, 0.0)	(150, 0.0)
BS454_1	(1, 0.0018552191479870041)	(2, 0.06429775294686026)	(3, 1.801183638822334e-05)	(4, 0.00010807101832934004)	(5, 0.0026027103580982727)	(6, 0.0)	(7, 0.0)	(8, 0.0)	(9, 0.0)	(10, 0.0002593704439904161)	(15, 2.341538730469034e-05)	(20, 9.00591819411167e-07)	(25, 4.502959097055835e-06)	(30, 6.304142735878169e-06)	(35, 0.00010807101832934004)	(40, 6.664379463642635e-05)	(45, 9.00591819411167e-07)	(50, 9.00591819411167e-07)	(55, 9.00591819411167e-07)	(60, 9.00591819411167e-07)	(65, 4.0526631873502514e-05)	(70, 0.0)	(75, 0.0)	(80, 0.0)	(85, 0.0)	(90, 0.0)	(95, 9.00591819411167e-06)	(100, 9.00591819411167e-07)	(105, 0.0)	(110, 0.0)	(115, 0.0)	(120, 6.484261099760402e-05)	(125, 0.0)	(130, 9.00591819411167e-07)	(135, 0.0)	(140, 9.00591819411167e-07)	(145, 1.170769365234517e-05)	(150, 0.0)
BS454_2	(1, 0.0004277811142203043)	(2, 0.00040526631873502513)	(3, 0.0)	(4, 0.0)	(5, 7.204734555289336e-05)	(6, 0.0)	(7, 0.0)	(8, 0.0)	(9, 0.0)	(10, 2.701775458233501e-05)	(15, 3.602367277644668e-06)	(20, 9.00591819411167e-07)	(25, 0.0)	(30, 0.0)	(35, 3.0620121859979676e-05)	(40, 9.00591819411167e-07)	(45, 0.0)	(50, 0.0)	(55, 0.0)	(60, 1.3508877291167505e-05)	(65, 9.00591819411167e-07)	(70, 0.0)	(75, 0.0)	(80, 0.0)	(85, 4.0526631873502514e-05)	(90, 2.7017754582335005e-06)	(95, 0.0)	(100, 0.0)	(105, 0.0)	(110, 1.8912428207634506e-05)	(115, 0.0)	(120, 0.0)	(125, 0.0)	(130, 0.0)	(135, 1.6210652749401005e-05)	(140, 0.0)	(145, 0.0)	(150, 0.0)
BS463_1	(1, 0.0011408217953680696)	(2, 0.06855553809169335)	(3, 0.0)	(4, 0.0)	(5, 0.0)	(6, 0.0)	(7, 0.0)	(8, 0.0)	(9, 0.0)	(10, 0.0)	(15, 0.0)	(20, 0.0)	(25, 0.0)	(30, 0.0)	(35, 0.0)	(40, 0.0)	(45, 0.0)	(50, 0.0)	(55, 0.0)	(60, 0.0)	(65, 0.0)	(70, 0.0)	(75, 0.0)	(80, 0.0)	(85, 0.0)	(90, 0.0)	(95, 0.0)	(100, 0.0)	(105, 0.0)	(110, 0.0)	(115, 0.0)	(120, 0.0)	(125, 0.0)	(130, 0.0)	(135, 0.0)	(140, 0.0)	(145, 0.0)	(150, 0.0)
BS463_2	(1, 0.0005219144246015865)	(2, 0.0003741156494931726)	(3, 0.0)	(4, 0.0)	(5, 0.0)	(6, 0.0)	(7, 0.0)	(8, 0.0)	(9, 0.0)	(10, 0.0)	(15, 0.0)	(20, 0.0)	(25, 0.0)	(30, 0.0)	(35, 0.0)	(40, 0.0)	(45, 0.0)	(50, 0.0)	(55, 0.0)	(60, 0.0)	(65, 0.0)	(70, 0.0)	(75, 0.0)	(80, 0.0)	(85, 0.0)	(90, 0.0)	(95, 0.0)	(100, 0.0)	(105, 0.0)	(110, 0.0)	(115, 0.0)	(120, 0.0)	(125, 0.0)	(130, 0.0)	(135, 0.0)	(140, 0.0)	(145, 0.0)	(150, 0.0)
BS464_1	(1, 0.0011404754146144651)	(2, 0.08468443169242336)	(3, 0.0)	(4, 0.0)	(5, 0.0)	(6, 0.00047106593212336607)	(7, 0.0)	(8, 0.0)	(9, 8.264314598655545e-06)	(10, 7.43788313878999e-06)	(15, 0.0)	(20, 0.00012809687627916096)	(25, 0.00010578322686279098)	(30, 0.0)	(35, 0.0002619787727773808)	(40, 0.0002611523413175152)	(45, 0.0)	(50, 0.0)	(55, 0.0)	(60, 0.00020164927620719528)	(65, 0.0)	(70, 0.0)	(75, 0.0)	(80, 0.00018759994138948084)	(85, 6.611451678924436e-06)	(90, 0.0)	(95, 0.0)	(100, 0.0)	(105, 5.785020219058882e-06)	(110, 0.0)	(115, 0.0)	(120, 0.0)	(125, 0.0)	(130, 1.983435503677331e-05)	(135, 0.0)	(140, 0.0)	(145, 0.0)	(150, 0.0)
BS464_2	(1, 0.0004751980894226938)	(2, 0.0017520346949149754)	(3, 0.0)	(4, 0.0)	(5, 0.0)	(6, 0.0004751980894226938)	(7, 0.0)	(8, 0.0)	(9, 0.0)	(10, 0.0)	(15, 0.0)	(20, 0.0)	(25, 0.00025371445817872526)	(30, 0.0)	(35, 0.0001363611908778165)	(40, 2.4792943795966637e-06)	(45, 9.0907460585211e-06)	(50, 0.0)	(55, 3.305725839462218e-05)	(60, 0.0)	(65, 0.0)	(70, 0.0)	(75, 0.0)	(80, 0.0)	(85, 0.0)	(90, 0.0)	(95, 0.0)	(100, 0.0)	(105, 8.3469577446421e-05)	(110, 0.0)	(115, 0.0)	(120, 0.0)	(125, 0.0)	(130, 0.0)	(135, 0.0)	(140, 0.0)	(145, 0.0)	(150, 0.0)
BS465_1	(1, 0.0010598845317031098)	(2, 0.08332972648856243)	(3, 4.222647536665777e-06)	(4, 0.0)	(5, 0.0)	(6, 0.00037581563076325407)	(7, 0.0)	(8, 0.0)	(9, 4.222647536665777e-06)	(10, 3.3781180293326213e-06)	(15, 3.3781180293326213e-06)	(20, 0.0001190786605339749)	(25, 9.880995235797918e-05)	(30, 0.0)	(35, 0.0001528598408273011)	(40, 0.00015370437033463425)	(45, 0.0)	(50, 0.0)	(55, 0.0)	(60, 0.00011316695398264281)	(65, 0.0)	(70, 0.0)	(75, 0.0)	(80, 0.00011316695398264281)	(85, 0.0)	(90, 0.0)	(95, 0.0)	(100, 0.0)	(105, 8.445295073331553e-07)	(110, 0.0)	(115, 0.0)	(120, 0.0)	(125, 0.0)	(130, 4.222647536665777e-06)	(135, 0.0)	(140, 8.445295073331553e-07)	(145, 0.0)	(150, 0.0)
BS465_2	(1, 0.0005362762371565535)	(2, 0.001414586924783035)	(3, 0.0)	(4, 0.0)	(5, 0.0)	(6, 0.0004053741635199145)	(7, 0.0)	(8, 0.0)	(9, 0.0)	(10, 0.0)	(15, 0.0)	(20, 0.0)	(25, 0.0001511707818126348)	(30, 0.0)	(35, 7.769671467465028e-05)	(40, 8.445295073331553e-07)	(45, 1.6890590146663107e-06)	(50, 0.0)	(55, 1.0134354087997863e-05)	(60, 0.0)	(65, 0.0)	(70, 0.0)	(75, 0.0)	(80, 0.0)	(85, 0.0)	(90, 0.0)	(95, 0.0)	(100, 0.0)	(105, 3.7159298322658834e-05)	(110, 0.0)	(115, 0.0)	(120, 0.0)	(125, 0.0)	(130, 0.0)	(135, 0.0)	(140, 0.0)	(145, 0.0)	(150, 0.0)
BS466_1	(1, 0.0011025430064070401)	(2, 0.08940991175318075)	(3, 2.259309439358689e-05)	(4, 0.0)	(5, 0.0)	(6, 0.0005060853144163462)	(7, 0.0)	(8, 4.518618878717378e-06)	(9, 4.518618878717378e-06)	(10, 5.4223426544608525e-06)	(15, 0.0)	(20, 0.00014730697544618649)	(25, 0.00011115802441644747)	(30, 0.0)	(35, 0.0002358719054690471)	(40, 0.0002313532865903297)	(45, 0.0)	(50, 0.0)	(55, 0.0)	(60, 0.00017622613626997773)	(65, 0.0)	(70, 0.0)	(75, 0.0)	(80, 0.00016718889851254296)	(85, 2.7111713272304263e-06)	(90, 0.0)	(95, 0.0)	(100, 0.0)	(105, 0.0)	(110, 0.0)	(115, 0.0)	(120, 0.0)	(125, 0.0)	(130, 1.988192306635646e-05)	(135, 0.0)	(140, 9.037237757434754e-07)	(145, 0.0)	(150, 0.0)
BS466_2	(1, 0.0004744549822653246)	(2, 0.001961080593363342)	(3, 0.0)	(4, 0.0)	(5, 0.0)	(6, 0.0006145321675055633)	(7, 0.0)	(8, 0.0)	(9, 0.0)	(10, 0.0)	(15, 0.0)	(20, 0.0)	(25, 0.00022321977260863842)	(30, 0.0)	(35, 0.00013646229013726478)	(40, 9.037237757434754e-07)	(45, 4.518618878717378e-06)	(50, 0.0)	(55, 2.8919160823791213e-05)	(60, 0.0)	(65, 0.0)	(70, 0.0)	(75, 0.0)	(80, 0.0)	(85, 0.0)	(90, 0.0)	(95, 0.0)	(100, 0.0)	(105, 7.500907338670847e-05)	(110, 0.0)	(115, 0.0)	(120, 0.0)	(125, 0.0)	(130, 0.0)	(135, 0.0)	(140, 0.0)	(145, 0.0)	(150, 0.0)
BS467_1	(1, 0.001104643100860543)	(2, 0.08432109003235477)	(3, 0.0)	(4, 0.0)	(5, 0.0)	(6, 0.00047651271017513615)	(7, 0.0)	(8, 8.663867457729749e-06)	(9, 8.663867457729749e-06)	(10, 3.4655469830918997e-06)	(15, 8.663867457729749e-07)	(20, 0.00011089750345894079)	(25, 8.837144806884345e-05)	(30, 0.0)	(35, 0.00020273449851087612)	(40, 0.00020620004549396802)	(45, 0.0)	(50, 0.0)	(55, 0.0)	(60, 0.0001576823877306814)	(65, 0.0)	(70, 0.0)	(75, 0.0)	(80, 0.00014382019979831381)	(85, 8.663867457729749e-07)	(90, 0.0)	(95, 0.0)	(100, 0.0)	(105, 1.7327734915459498e-06)	(110, 0.0)	(115, 0.0)	(120, 0.0)	(125, 0.0)	(130, 1.03966409492757e-05)	(135, 0.0)	(140, 1.7327734915459498e-06)	(145, 0.0)	(150, 0.0)
BS467_2	(1, 0.00048084464390400105)	(2, 0.001650466750697517)	(3, 0.0)	(4, 0.0)	(5, 0.0)	(6, 0.00039420596932670355)	(7, 0.0)	(8, 0.0)	(9, 0.0)	(10, 0.0)	(15, 0.0)	(20, 0.0)	(25, 0.0001906050840700545)	(30, 0.0)	(35, 0.00011263027695048674)	(40, 8.663867457729749e-07)	(45, 1.7327734915459498e-06)	(50, 0.0)	(55, 2.7724375864735197e-05)	(60, 0.0)	(65, 0.0)	(70, 0.0)	(75, 0.0)	(80, 0.0)	(85, 0.0)	(90, 0.0)	(95, 0.0)	(100, 0.0)	(105, 6.584539267874609e-05)	(110, 0.0)	(115, 0.0)	(120, 0.0)	(125, 0.0)	(130, 0.0)	(135, 0.0)	(140, 0.0)	(145, 0.0)	(150, 0.0)
BS468_1	(1, 0.0010283777559703345)	(2, 0.0803841319124216)	(3, 1.3128226671961718e-05)	(4, 0.0)	(5, 0.0)	(6, 0.0002888209867831578)	(7, 0.0)	(8, 4.376075557320573e-06)	(9, 8.752151114641146e-06)	(10, 3.5008604458564585e-06)	(15, 4.376075557320573e-06)	(20, 8.314543558909088e-05)	(25, 7.26428542515215e-05)	(30, 0.0)	(35, 0.00013478312716547365)	(40, 0.0001321574818310813)	(45, 0.0)	(50, 0.0)	(55, 0.0)	(60, 9.452323203812437e-05)	(65, 0.0)	(70, 0.0)	(75, 0.0)	(80, 0.00010152495292983729)	(85, 8.752151114641146e-07)	(90, 0.0)	(95, 0.0)	(100, 0.0)	(105, 2.6256453343923438e-06)	(110, 0.0)	(115, 0.0)	(120, 0.0)	(125, 0.0)	(130, 7.87693600317703e-06)	(135, 0.0)	(140, 8.752151114641146e-07)	(145, 0.0)	(150, 0.0)
BS468_2	(1, 0.0005295051424357893)	(2, 0.00129969444052421)	(3, 0.0)	(4, 0.0)	(5, 0.0)	(6, 0.0003763424979295692)	(7, 0.0)	(8, 0.0)	(9, 0.0)	(10, 0.0)	(15, 0.0)	(20, 0.0)	(25, 0.00013915920272279423)	(30, 0.0)	(35, 7.089242402859327e-05)	(40, 8.752151114641146e-07)	(45, 2.6256453343923438e-06)	(50, 0.0)	(55, 1.6629087117818177e-05)	(60, 0.0)	(65, 0.0)	(70, 0.0)	(75, 0.0)	(80, 0.0)	(85, 0.0)	(90, 0.0)	(95, 0.0)	(100, 0.0)	(105, 3.9384680015885155e-05)	(110, 0.0)	(115, 0.0)	(120, 0.0)	(125, 0.0)	(130, 0.0)	(135, 0.0)	(140, 0.0)	(145, 0.0)	(150, 0.0)
BS469_1	(1, 0.0020989171545904)	(2, 0.06272484064620763)	(3, 8.514876894890061e-06)	(4, 0.00016604009945035618)	(5, 0.003061098243712977)	(6, 0.0)	(7, 0.0)	(8, 0.0)	(9, 0.0)	(10, 0.0002929117651842181)	(15, 2.128719223722515e-05)	(20, 8.514876894890061e-07)	(25, 5.960413826423043e-06)	(30, 7.663389205401055e-06)	(35, 0.00013198059187079594)	(40, 9.196067046481265e-05)	(45, 1.7029753789780123e-06)	(50, 0.0)	(55, 0.0)	(60, 0.0)	(65, 3.4910995269049246e-05)	(70, 8.514876894890061e-07)	(75, 0.0)	(80, 0.0)	(85, 0.0)	(90, 0.0)	(95, 3.4059507579560246e-06)	(100, 1.7029753789780123e-06)	(105, 0.0)	(110, 0.0)	(115, 0.0)	(120, 8.174281819094458e-05)	(125, 0.0)	(130, 8.514876894890061e-07)	(135, 0.0)	(140, 3.4059507579560246e-06)	(145, 2.0435704547736145e-05)	(150, 0.0)
BS469_2	(1, 0.0003959417756123878)	(2, 0.00038742689871749773)	(3, 0.0)	(4, 0.0)	(5, 4.683182292189533e-05)	(6, 0.0)	(7, 0.0)	(8, 0.0)	(9, 0.0)	(10, 3.746545833751627e-05)	(15, 0.0)	(20, 8.514876894890061e-07)	(25, 8.514876894890061e-07)	(30, 8.514876894890061e-07)	(35, 4.087140909547229e-05)	(40, 8.514876894890061e-07)	(45, 0.0)	(50, 2.554463068467018e-06)	(55, 0.0)	(60, 1.7029753789780122e-05)	(65, 0.0)	(70, 0.0)	(75, 0.0)	(80, 0.0)	(85, 5.023777367985136e-05)	(90, 1.7029753789780123e-06)	(95, 0.0)	(100, 0.0)	(105, 0.0)	(110, 2.639611837415919e-05)	(115, 0.0)	(120, 0.0)	(125, 0.0)	(130, 0.0)	(135, 1.7029753789780122e-05)	(140, 0.0)	(145, 0.0)	(150, 0.0)
BS470_1	(1, 0.0011257371139676746)	(2, 0.08641353160395188)	(3, 4.064032902410378e-06)	(4, 0.0)	(5, 0.0)	(6, 0.0004714278166796039)	(7, 0.0)	(8, 0.0)	(9, 8.128065804820756e-06)	(10, 2.438419741446227e-06)	(15, 0.0)	(20, 0.00012761063313568587)	(25, 9.99752093992953e-05)	(30, 0.0)	(35, 0.0002487188136275151)	(40, 0.0002495316202079972)	(45, 0.0)	(50, 0.0)	(55, 0.0)	(60, 0.00017881744770605661)	(65, 0.0)	(70, 0.0)	(75, 0.0)	(80, 0.00017394060822316417)	(85, 1.625613160964151e-06)	(90, 0.0)	(95, 0.0)	(100, 0.0)	(105, 8.128065804820755e-07)	(110, 0.0)	(115, 0.0)	(120, 0.0)	(125, 0.0)	(130, 1.3817711868195286e-05)	(135, 0.0)	(140, 1.625613160964151e-06)	(145, 0.0)	(150, 0.0)
BS470_2	(1, 0.0005161321786061179)	(2, 0.0018328788389870804)	(3, 0.0)	(4, 0.0)	(5, 0.0)	(6, 0.0005486444418254011)	(7, 0.0)	(8, 0.0)	(9, 0.0)	(10, 0.0)	(15, 0.0)	(20, 0.0)	(25, 0.00023571390833980195)	(30, 0.0)	(35, 0.00013086185945761415)	(40, 8.128065804820755e-07)	(45, 3.251226321928302e-06)	(50, 0.0)	(55, 3.413787638024717e-05)	(60, 0.0)	(65, 0.0)	(70, 0.0)	(75, 0.0)	(80, 0.0)	(85, 0.0)	(90, 0.0)	(95, 0.0)	(100, 0.0)	(105, 6.908855934097642e-05)	(110, 0.0)	(115, 0.0)	(120, 0.0)	(125, 0.0)	(130, 0.0)	(135, 0.0)	(140, 0.0)	(145, 0.0)	(150, 0.0)
BS471_1	(1, 0.002129608914497118)	(2, 0.06531716631947934)	(3, 9.159608234396207e-06)	(4, 0.00010533549469555636)	(5, 0.002404397161529004)	(6, 0.0)	(7, 0.0)	(8, 0.0)	(9, 0.0)	(10, 0.00026837652126780883)	(15, 2.8394785526628237e-05)	(20, 9.159608234396207e-07)	(25, 9.159608234396207e-07)	(30, 1.8319216468792413e-06)	(35, 9.892376893147902e-05)	(40, 6.320129681733383e-05)	(45, 0.0)	(50, 0.0)	(55, 0.0)	(60, 0.0)	(65, 1.9235177292232034e-05)	(70, 0.0)	(75, 0.0)	(80, 0.0)	(85, 0.0)	(90, 0.0)	(95, 2.747882470318862e-06)	(100, 9.159608234396207e-07)	(105, 0.0)	(110, 0.0)	(115, 0.0)	(120, 5.3125727759498e-05)	(125, 0.0)	(130, 0.0)	(135, 0.0)	(140, 9.159608234396207e-07)	(145, 8.243647410956586e-06)	(150, 0.0)
BS471_2	(1, 0.00045798041171981035)	(2, 0.0004396611952510179)	(3, 0.0)	(4, 0.0)	(5, 3.663843293758483e-05)	(6, 0.0)	(7, 0.0)	(8, 0.0)	(9, 0.0)	(10, 2.381498140943014e-05)	(15, 9.159608234396207e-07)	(20, 0.0)	(25, 0.0)	(30, 0.0)	(35, 1.465537317503393e-05)	(40, 0.0)	(45, 0.0)	(50, 0.0)	(55, 0.0)	(60, 5.495764940637724e-06)	(65, 0.0)	(70, 0.0)	(75, 0.0)	(80, 0.0)	(85, 2.747882470318862e-05)	(90, 9.159608234396207e-07)	(95, 0.0)	(100, 0.0)	(105, 0.0)	(110, 1.0991529881275447e-05)	(115, 0.0)	(120, 0.0)	(125, 0.0)	(130, 0.0)	(135, 5.495764940637724e-06)	(140, 0.0)	(145, 0.0)	(150, 0.0)
BS472_1	(1, 0.0030566718939318603)	(2, 0.11586282750956825)	(3, 1.282519675775606e-05)	(4, 0.0)	(5, 0.0015176482830011335)	(6, 0.0011927432984713134)	(7, 0.0)	(8, 8.550131171837374e-06)	(9, 3.4200524687349494e-05)	(10, 1.282519675775606e-05)	(15, 3.4200524687349493e-06)	(20, 0.001126052275330982)	(25, 0.0010328558455579547)	(30, 0.0)	(35, 0.00046085207016203437)	(40, 0.00045657700457611575)	(45, 0.0)	(50, 0.00034884535181096477)	(55, 0.00027360419749879595)	(60, 0.00034029522063912747)	(65, 0.0)	(70, 0.0)	(75, 0.0006019292344973511)	(80, 0.0003120797877720641)	(85, 6.840104937469899e-06)	(90, 0.0)	(95, 0.0)	(100, 0.0)	(105, 6.840104937469899e-06)	(110, 0.001032000832440771)	(115, 0.0)	(120, 0.0)	(125, 0.0)	(130, 2.821543286706333e-05)	(135, 0.0001650175316164613)	(140, 0.0)	(145, 0.0)	(150, 0.0)
BS472_2	(1, 0.015565513798329936)	(2, 0.0061347191157933145)	(3, 0.0)	(4, 0.0)	(5, 0.0)	(6, 0.001047391068550078)	(7, 0.0)	(8, 0.0)	(9, 0.0)	(10, 0.0)	(15, 0.0)	(20, 0.0)	(25, 0.0004403317553496247)	(30, 0.0)	(35, 0.0006959806773875622)	(40, 2.565039351551212e-06)	(45, 5.472083949975919e-05)	(50, 0.0)	(55, 4.446068209355434e-05)	(60, 0.0001444972168040516)	(65, 0.0)	(70, 0.0)	(75, 0.00015646740044462392)	(80, 0.0)	(85, 6.41259837887803e-05)	(90, 0.0)	(95, 0.0)	(100, 0.0)	(105, 0.00012312188887445816)	(110, 0.0)	(115, 9.40514428902111e-06)	(120, 1.7100262343674747e-06)	(125, 0.0)	(130, 7.695118054653635e-06)	(135, 3.4200524687349493e-06)	(140, 1.7100262343674747e-06)	(145, 5.130078703102424e-06)	(150, 4.275065585918687e-06)
BS473_1	(1, 0.001049216117586102)	(2, 0.06904243667541465)	(3, 0.0)	(4, 0.0)	(5, 0.0)	(6, 0.0)	(7, 0.0)	(8, 0.0)	(9, 0.0)	(10, 0.0)	(15, 0.0)	(20, 0.0)	(25, 0.0)	(30, 0.0)	(35, 0.0)	(40, 0.0)	(45, 0.0)	(50, 0.0)	(55, 0.0)	(60, 0.0)	(65, 0.0)	(70, 0.0)	(75, 0.0)	(80, 0.0)	(85, 0.0)	(90, 0.0)	(95, 0.0)	(100, 0.0)	(105, 0.0)	(110, 0.0)	(115, 0.0)	(120, 0.0)	(125, 0.0)	(130, 0.0)	(135, 0.0)	(140, 1.0040345622833514e-06)	(145, 0.0)	(150, 0.0)
BS473_2	(1, 0.0005471988364444265)	(2, 0.0004568357258389249)	(3, 0.0)	(4, 0.0)	(5, 0.0)	(6, 0.0)	(7, 0.0)	(8, 0.0)	(9, 0.0)	(10, 0.0)	(15, 0.0)	(20, 0.0)	(25, 0.0)	(30, 0.0)	(35, 0.0)	(40, 0.0)	(45, 0.0)	(50, 0.0)	(55, 0.0)	(60, 0.0)	(65, 0.0)	(70, 0.0)	(75, 0.0)	(80, 0.0)	(85, 0.0)	(90, 0.0)	(95, 0.0)	(100, 0.0)	(105, 0.0)	(110, 0.0)	(115, 0.0)	(120, 0.0)	(125, 0.0)	(130, 0.0)	(135, 0.0)	(140, 0.0)	(145, 0.0)	(150, 0.0)
BS474_1	(1, 0.0010627652342968148)	(2, 0.08126066483777183)	(3, 0.0)	(4, 0.0)	(5, 0.0)	(6, 0.00038604720049243275)	(7, 0.0)	(8, 0.0)	(9, 4.541731770499209e-06)	(10, 9.083463540998417e-07)	(15, 9.083463540998417e-07)	(20, 8.538455728538511e-05)	(25, 6.903432291158798e-05)	(30, 0.0)	(35, 0.00019256942706916645)	(40, 0.00018802769529866723)	(45, 0.0)	(50, 0.0)	(55, 0.0)	(60, 0.00013988533853137564)	(65, 0.0)	(70, 0.0)	(75, 0.0)	(80, 0.00013443526040677657)	(85, 1.8166927081996835e-06)	(90, 0.0)	(95, 0.0)	(100, 0.0)	(105, 1.8166927081996835e-06)	(110, 0.0)	(115, 0.0)	(120, 0.0)	(125, 0.0)	(130, 9.083463540998418e-06)	(135, 0.0)	(140, 1.8166927081996835e-06)	(145, 0.0)	(150, 0.0)
BS474_2	(1, 0.0004723401041319177)	(2, 0.0014261037759367514)	(3, 4.541731770499209e-06)	(4, 0.0)	(5, 0.0)	(6, 0.0003633385416399367)	(7, 0.0)	(8, 0.0)	(9, 0.0)	(10, 0.0)	(15, 0.0)	(20, 0.0)	(25, 0.00018530265623636772)	(30, 0.0)	(35, 8.810959634768465e-05)	(40, 9.083463540998417e-07)	(45, 1.8166927081996835e-06)	(50, 0.0)	(55, 2.0891966144296358e-05)	(60, 0.0)	(65, 0.0)	(70, 0.0)	(75, 0.0)	(80, 0.0)	(85, 0.0)	(90, 0.0)	(95, 0.0)	(100, 0.0)	(105, 5.7225820308290026e-05)	(110, 0.0)	(115, 0.0)	(120, 0.0)	(125, 0.0)	(130, 0.0)	(135, 0.0)	(140, 0.0)	(145, 0.0)	(150, 0.0)
BS475_1	(1, 0.04505942927010205)	(2, 0.01121191100563641)	(3, 0.0003939205604549249)	(4, 0.006078236604869002)	(5, 0.0)	(6, 0.003354678321293554)	(7, 0.00019907813270302657)	(8, 4.2357049511282245e-06)	(9, 0.0)	(10, 8.47140990225645e-07)	(15, 0.00025837800201882166)	(20, 0.0001626510701233238)	(25, 5.929986931579514e-06)	(30, 1.6942819804512898e-05)	(35, 1.355425584361032e-05)	(40, 0.00034224496005116054)	(45, 9.911549585640046e-05)	(50, 8.47140990225645e-07)	(55, 3.38856396090258e-06)	(60, 5.929986931579514e-06)	(65, 6.861842020827723e-05)	(70, 6.099415129624644e-05)	(75, 8.640838100301578e-05)	(80, 0.00012707114853384674)	(85, 9.318550892482093e-06)	(90, 8.556124001279014e-05)	(95, 9.318550892482094e-05)	(100, 0.0007573440452617265)	(105, 0.00016519249309400076)	(110, 5.506416436466692e-05)	(115, 1.524853782406161e-05)	(120, 2.710851168722064e-05)	(125, 0.001357119866341483)	(130, 0.00010250405981730303)	(135, 0.0007844525569489472)	(140, 0.00015756822418196994)	(145, 0.0003253021402466476)	(150, 8.894980397369272e-05)
BS475_2	(1, 0.027900588513081616)	(2, 0.022771149817265336)	(3, 0.0)	(4, 0.0)	(5, 0.0)	(6, 0.00016942819804512897)	(7, 0.0)	(8, 0.0008174910555677474)	(9, 0.0)	(10, 0.0)	(15, 0.0)	(20, 2.5414229706769344e-06)	(25, 0.0)	(30, 0.0002956522055887501)	(35, 1.69428198045129e-06)	(40, 0.0)	(45, 0.0003837548685722171)	(50, 0.0005540302076075717)	(55, 0.00022872806736092414)	(60, 0.0)	(65, 0.0003532577929240939)	(70, 5.082845941353869e-06)	(75, 0.00021856237547821636)	(80, 3.557992158947708e-05)	(85, 0.0)	(90, 4.2357049511282245e-06)	(95, 0.00014401396833835963)	(100, 0.0)	(105, 0.00016688677507445206)	(110, 0.0)	(115, 0.0)	(120, 8.47140990225645e-07)	(125, 0.0)	(130, 3.38856396090258e-06)	(135, 0.0001829824538887393)	(140, 0.0)	(145, 7.708983011053369e-05)	(150, 0.0)
BS476_1	(1, 0.04469101710122793)	(2, 0.013138552166229084)	(3, 0.0004854892255419523)	(4, 0.005773854003766789)	(5, 0.0)	(6, 0.0033724162274253473)	(7, 0.00021240153617460412)	(8, 1.733890091221258e-05)	(9, 0.0)	(10, 2.6008351368318873e-06)	(15, 0.00024361155781658675)	(20, 0.00023407516231486984)	(25, 1.3871120729770065e-05)	(30, 2.1673626140265725e-05)	(35, 1.820584595782321e-05)	(40, 0.0003407094029249772)	(45, 0.00014131204243453255)	(50, 2.6008351368318873e-06)	(55, 2.6008351368318873e-06)	(60, 4.334725228053145e-06)	(65, 6.675476851201843e-05)	(70, 5.461753787346962e-05)	(75, 8.06258892417885e-05)	(80, 0.00012744092170476247)	(85, 6.9355603648850325e-06)	(90, 8.496061446984165e-05)	(95, 7.369032887690347e-05)	(100, 0.0006952899265797245)	(105, 0.0001343764820696475)	(110, 4.421419732614208e-05)	(115, 1.5605010820991324e-05)	(120, 2.514140632270824e-05)	(125, 0.0012657397665915184)	(130, 8.929533969789479e-05)	(135, 0.0007256330031760966)	(140, 0.0001404450973889219)	(145, 0.0002895596452339501)	(150, 7.369032887690347e-05)
BS476_2	(1, 0.029437119023708908)	(2, 0.021625944162757142)	(3, 0.0)	(4, 0.0)	(5, 0.0)	(6, 0.00020806681094655098)	(7, 0.0)	(8, 0.000775915815821513)	(9, 0.0)	(10, 0.0)	(15, 0.0)	(20, 5.2016702736637746e-06)	(25, 0.0)	(30, 0.0002704868542305163)	(35, 1.7338900912212581e-06)	(40, 0.0)	(45, 0.00031730188669349026)	(50, 0.00052363480754882)	(55, 0.00019159485507994902)	(60, 0.0)	(65, 0.000322503556967154)	(70, 2.6008351368318873e-06)	(75, 0.00019853041544483404)	(80, 2.4274461277097612e-05)	(85, 0.0)	(90, 6.9355603648850325e-06)	(95, 0.00014651371270819633)	(100, 0.0)	(105, 0.00014391287757136443)	(110, 2.6008351368318873e-06)	(115, 2.6008351368318873e-06)	(120, 4.334725228053145e-06)	(125, 0.0)	(130, 5.2016702736637746e-06)	(135, 0.00018465929471506398)	(140, 0.0)	(145, 6.848865860323969e-05)	(150, 0.0)
BS477_1	(1, 0.043053711924093026)	(2, 0.001476013288108818)	(3, 0.00024932656893730034)	(4, 0.005111194663214657)	(5, 0.0)	(6, 0.0)	(7, 0.0)	(8, 0.0)	(9, 0.0)	(10, 2.194073806648243e-05)	(15, 4.188686358146646e-05)	(20, 3.9892251029968056e-05)	(25, 6.9811439302444095e-06)	(30, 0.0)	(35, 2.5929963169479237e-05)	(40, 0.0005973864591737716)	(45, 0.0)	(50, 1.2964981584739619e-05)	(55, 2.9919188272476042e-05)	(60, 0.00011867944681415496)	(65, 0.0004138821044359186)	(70, 0.00030617302665500483)	(75, 0.0005814295587617844)	(80, 0.00045277704919013744)	(85, 8.277642088718372e-05)	(90, 2.2938044342231634e-05)	(95, 0.0003879521412664393)	(100, 0.0012037486748292861)	(105, 0.0002453373438343035)	(110, 0.00015258786018962781)	(115, 0.0001505932476381294)	(120, 0.00026129424424629075)	(125, 0.0023037774969806553)	(130, 0.0003011864952762588)	(135, 0.001499948638726799)	(140, 0.00015557977901687543)	(145, 0.0008287615151475864)	(150, 0.00019447472377109425)
BS477_2	(1, 0.031764204882612064)	(2, 0.01172832180281061)	(3, 0.0)	(4, 0.0)	(5, 0.0)	(6, 2.4932656893730035e-05)	(7, 0.0)	(8, 0.0008177911461143451)	(9, 0.0)	(10, 8.975756481742812e-06)	(15, 9.973062757492012e-07)	(20, 0.0)	(25, 9.973062757492012e-07)	(30, 0.0002892188199672684)	(35, 0.0002014558677013387)	(40, 4.288416985721566e-05)	(45, 0.000534556163801572)	(50, 0.0008118073084598499)	(55, 9.075487109317733e-05)	(60, 3.989225102996805e-06)	(65, 0.0005166046508380863)	(70, 4.4878782408714063e-05)	(75, 0.00030717033293075404)	(80, 1.0970369033241214e-05)	(85, 4.587608868446327e-05)	(90, 8.377372716293292e-05)	(95, 0.0002892188199672684)	(100, 4.288416985721566e-05)	(105, 8.975756481742812e-06)	(110, 8.975756481742812e-06)	(115, 4.8868007511710865e-05)	(120, 0.00010870638405666295)	(125, 1.9946125514984025e-06)	(130, 1.3962287860488819e-05)	(135, 0.0003580329529939633)	(140, 7.778988950843772e-05)	(145, 0.00012765520329589776)	(150, 4.986531378746007e-06)
BS478_1	(1, 0.042779798048162794)	(2, 0.0015136526114253456)	(3, 0.0002548236719571289)	(4, 0.005096473439142577)	(5, 0.0)	(6, 0.0)	(7, 0.0)	(8, 0.0)	(9, 0.0)	(10, 1.0192946878285154e-05)	(15, 4.994543970359725e-05)	(20, 4.0771787513140616e-05)	(25, 6.1157681269710925e-06)	(30, 2.0385893756570307e-06)	(35, 3.261743001051249e-05)	(40, 0.0005228981748560285)	(45, 0.0)	(50, 1.0192946878285154e-05)	(55, 2.8540251259198436e-05)	(60, 0.00010294876347068006)	(65, 0.00040567928575574913)	(70, 0.00028846039665546985)	(75, 0.0005198402907925429)	(80, 0.00041383364325837734)	(85, 7.848569096279569e-05)	(90, 1.7328009693084762e-05)	(95, 0.00040465999106792063)	(100, 0.001188497606008049)	(105, 0.00021201329506833122)	(110, 0.00012843113066639294)	(115, 0.00012843113066639294)	(120, 0.00023341848351273004)	(125, 0.002269969269794104)	(130, 0.00026093944008409993)	(135, 0.001590099713012484)	(140, 0.00015493279254993436)	(145, 0.0007756832574375002)	(150, 0.00017328009693084762)
BS478_2	(1, 0.03164400358363627)	(2, 0.012430298718068748)	(3, 0.0)	(4, 0.0)	(5, 0.0)	(6, 5.096473439142577e-06)	(7, 0.0)	(8, 0.0008358216440193827)	(9, 0.0)	(10, 1.6308715005256246e-05)	(15, 0.0)	(20, 0.0)	(25, 0.0)	(30, 0.0002436114303910152)	(35, 0.00017429939161867615)	(40, 4.0771787513140616e-05)	(45, 0.0006054610445701382)	(50, 0.0008460145908976679)	(55, 7.95049856506242e-05)	(60, 1.0192946878285154e-06)	(65, 0.0005198402907925429)	(70, 6.727344939668202e-05)	(75, 0.00035165666730083785)	(80, 9.17365219045664e-06)	(85, 5.504191314273983e-05)	(90, 7.746639627496718e-05)	(95, 0.00029253757540678396)	(100, 3.97524928253121e-05)	(105, 1.3250830941770701e-05)	(110, 4.077178751314061e-06)	(115, 3.0578840634855465e-05)	(120, 0.00011925747847593632)	(125, 0.0)	(130, 1.6308715005256246e-05)	(135, 0.00037408115043306516)	(140, 6.931203877233905e-05)	(145, 0.00013658548816902107)	(150, 5.096473439142577e-06)
BS479_1	(1, 0.042337971161118856)	(2, 0.0013358125366346588)	(3, 0.0002865925078597995)	(4, 0.005226670143341428)	(5, 0.0)	(6, 0.0)	(7, 0.0)	(8, 0.0)	(9, 0.0)	(10, 2.3316000639441315e-05)	(15, 5.051800138545619e-05)	(20, 4.663200127888263e-05)	(25, 6.800500186503717e-06)	(30, 0.0)	(35, 2.9145000799301648e-05)	(40, 0.0005488975150535144)	(45, 9.715000266433883e-07)	(50, 1.1658000319720657e-05)	(55, 3.497400095916198e-05)	(60, 0.00010589350290412931)	(65, 0.0004041440110836495)	(70, 0.00029145000799301647)	(75, 0.0005333535146272202)	(80, 0.00042940301177637764)	(85, 0.00010103600277091238)	(90, 1.4572500399650824e-05)	(95, 0.00040608701113693633)	(100, 0.0012056315330644448)	(105, 0.00021664450594147559)	(110, 0.0001486395040764384)	(115, 0.00014475350396986485)	(120, 0.0002555045070072111)	(125, 0.002310227063357977)	(130, 0.00027104850743350534)	(135, 0.0016224050444944584)	(140, 0.00017681300484909666)	(145, 0.0007898295216610746)	(150, 0.0002137300058615454)
BS479_2	(1, 0.03118515085525276)	(2, 0.012250615335973125)	(3, 0.0)	(4, 0.0)	(5, 0.0)	(6, 2.9145000799301648e-05)	(7, 0.0)	(8, 0.0008646350237126156)	(9, 0.0)	(10, 1.068650029307727e-05)	(15, 2.9145000799301643e-06)	(20, 0.0)	(25, 1.9430000532867765e-06)	(30, 0.00026133350716707146)	(35, 0.00019332850530203425)	(40, 4.5660501252239246e-05)	(45, 0.0005867860160926065)	(50, 0.0008150885223538026)	(55, 8.2577502264688e-05)	(60, 2.9145000799301643e-06)	(65, 0.0005275245144673598)	(70, 6.0233001651890075e-05)	(75, 0.00033322450913868214)	(80, 1.4572500399650824e-05)	(85, 6.314750173182023e-05)	(90, 9.715000266433883e-05)	(95, 0.00028562100783315617)	(100, 4.080300111902231e-05)	(105, 1.3601000373007434e-05)	(110, 1.9430000532867765e-06)	(115, 4.95465013588128e-05)	(120, 0.00011269400309063304)	(125, 1.9430000532867765e-06)	(130, 1.2629500346364047e-05)	(135, 0.0003876285106307119)	(140, 8.354900229133139e-05)	(145, 0.00015349700420965533)	(150, 0.0)
BS480_1	(1, 0.04278671387932936)	(2, 0.0014012803698922615)	(3, 0.00026214428688460674)	(4, 0.005028404048422912)	(5, 0.0)	(6, 0.0)	(7, 0.0)	(8, 0.0)	(9, 0.0)	(10, 2.001829099846088e-05)	(15, 3.7176826139998775e-05)	(20, 3.6223574187691116e-05)	(25, 3.8130078092306437e-06)	(30, 1.9065039046153218e-06)	(35, 2.669105466461451e-05)	(40, 0.0005290548335307518)	(45, 0.0)	(50, 1.143902342769193e-05)	(55, 3.050406247384515e-05)	(60, 0.00011343698232461164)	(65, 0.0003755812692092184)	(70, 0.00032315241183229705)	(75, 0.0005795771870030579)	(80, 0.0004508881734415236)	(85, 7.721340813692053e-05)	(90, 2.0971542950768543e-05)	(95, 0.00041085159144460184)	(100, 0.001220162498953806)	(105, 0.00024975201150460717)	(110, 0.00015633332017845638)	(115, 0.00015538006822614874)	(120, 0.00028120932593075996)	(125, 0.0023383270390106925)	(130, 0.00030599387669075917)	(135, 0.0016319673423507155)	(140, 0.0001830243748430709)	(145, 0.0007988251360338199)	(150, 0.000219247949030762)
BS480_2	(1, 0.030913960813337443)	(2, 0.012006208339314988)	(3, 0.0)	(4, 0.0)	(5, 0.0)	(6, 1.9065039046153217e-05)	(7, 0.0)	(8, 0.0007149389642307457)	(9, 0.0)	(10, 1.2392275379999593e-05)	(15, 9.532519523076609e-07)	(20, 0.0)	(25, 0.0)	(30, 0.0002564247751707608)	(35, 0.0002001829099846088)	(40, 4.003658199692176e-05)	(45, 0.0006320060443799791)	(50, 0.000882711307836894)	(55, 8.483942375538182e-05)	(60, 2.8597558569229827e-06)	(65, 0.0005357275971969055)	(70, 5.814836909076732e-05)	(75, 0.0003765345211615261)	(80, 1.3345527332307254e-05)	(85, 5.814836909076732e-05)	(90, 9.055893546922779e-05)	(95, 0.0003098068844999898)	(100, 4.480284175846006e-05)	(105, 1.2392275379999593e-05)	(110, 3.8130078092306437e-06)	(115, 3.6223574187691116e-05)	(120, 0.00011629673818153464)	(125, 1.9065039046153218e-06)	(130, 2.0971542950768543e-05)	(135, 0.000396552812159987)	(140, 8.007316399384352e-05)	(145, 0.00016014632798768704)	(150, 4.766259761538304e-06)
BS481_1	(1, 0.043528851019962185)	(2, 0.0016155431695121574)	(3, 0.0003250205193101382)	(4, 0.005152531173769544)	(5, 0.0)	(6, 0.0)	(7, 0.0)	(8, 0.0)	(9, 0.0)	(10, 2.103073948477365e-05)	(15, 3.536988004257387e-05)	(20, 5.0664963304227423e-05)	(25, 7.647541630826781e-06)	(30, 9.559427038533476e-07)	(35, 3.0590166523307124e-05)	(40, 0.0005888607055736622)	(45, 2.867828111560043e-06)	(50, 1.1471312446240171e-05)	(55, 3.632582274642721e-05)	(60, 0.00011375718175854836)	(65, 0.0004129672480646462)	(70, 0.00031163732145619133)	(75, 0.0005563586536426483)	(80, 0.0004569406124419002)	(85, 6.978381738129438e-05)	(90, 1.9118854077066956e-05)	(95, 0.0003699498263912456)	(100, 0.001245593343120912)	(105, 0.0002284703062209501)	(110, 0.0001481711190972689)	(115, 0.00016442214506277582)	(120, 0.0002485451030018704)	(125, 0.002377429504483276)	(130, 0.0002906065819714177)	(135, 0.0016652521901125315)	(140, 0.00017302562939745594)	(145, 0.0008058596993483721)	(150, 0.00018162911373213606)
BS481_2	(1, 0.032043199433164214)	(2, 0.012269524603957718)	(3, 0.0)	(4, 0.0)	(5, 0.0)	(6, 1.4339140557800216e-05)	(7, 0.0)	(8, 0.0008507890064294795)	(9, 0.0)	(10, 1.3383197853946867e-05)	(15, 2.867828111560043e-06)	(20, 0.0)	(25, 0.0)	(30, 0.00028295904034059095)	(35, 0.00020552768132846977)	(40, 4.4929307081107345e-05)	(45, 0.0006146711585777025)	(50, 0.0008718197459142531)	(55, 8.221107253138791e-05)	(60, 1.9118854077066952e-06)	(65, 0.000552534882827235)	(70, 5.0664963304227423e-05)	(75, 0.0003842889669490457)	(80, 1.1471312446240171e-05)	(85, 5.2576848711934125e-05)	(90, 8.221107253138791e-05)	(95, 0.0003183289203831648)	(100, 5.640061952734751e-05)	(105, 8.60348433468013e-06)	(110, 6.691598926973433e-06)	(115, 5.0664963304227423e-05)	(120, 0.00011088935364698834)	(125, 9.559427038533476e-07)	(130, 2.389856759633369e-05)	(135, 0.00041392319076849954)	(140, 7.073976008514774e-05)	(145, 0.00014625923368956218)	(150, 0.0)
BS482_1	(1, 0.04192987444228536)	(2, 0.0013385004353068173)	(3, 0.0003235935118324174)	(4, 0.00513336980134153)	(5, 0.0)	(6, 0.0)	(7, 0.0)	(8, 0.0)	(9, 0.0)	(10, 2.1572900788827826e-05)	(15, 4.412638797714782e-05)	(20, 2.9417591984765214e-05)	(25, 4.90293199746087e-06)	(30, 0.0)	(35, 2.745641918578087e-05)	(40, 0.0005765848029013982)	(45, 9.805863994921739e-07)	(50, 5.883518396953043e-06)	(55, 3.1378764783749564e-05)	(60, 0.00010394215834617043)	(65, 0.00042263273818112694)	(70, 0.0002941759198476522)	(75, 0.0005324584149242504)	(80, 0.00041576863338468173)	(85, 7.746632555988174e-05)	(90, 1.0786450394413913e-05)	(95, 0.00036183638141261214)	(100, 0.0011423831554083826)	(105, 0.00021278724868980175)	(110, 0.00014414620072534956)	(115, 0.0001500297191223026)	(120, 0.00024612718627253566)	(125, 0.0022376981636411408)	(130, 0.0002863312286517148)	(135, 0.0015767829303834158)	(140, 0.00015493265111976348)	(145, 0.0007423039044155757)	(150, 0.0002255348718832)
BS482_2	(1, 0.03090318037999586)	(2, 0.012144562557710575)	(3, 0.0)	(4, 0.0)	(5, 0.0)	(6, 9.80586399492174e-06)	(7, 0.0)	(8, 0.0009266541475201044)	(9, 0.0)	(10, 6.8641047964452176e-06)	(15, 2.9417591984765216e-06)	(20, 0.0)	(25, 9.805863994921739e-07)	(30, 0.00027064184625984)	(35, 0.00018533082950402088)	(40, 3.726228318070261e-05)	(45, 0.0005775653893008904)	(50, 0.0008070226067820592)	(55, 7.746632555988174e-05)	(60, 0.0)	(65, 0.000490293199746087)	(70, 6.177694316800695e-05)	(75, 0.0003412440670232765)	(80, 8.825277595429564e-06)	(85, 6.177694316800695e-05)	(90, 7.942749835886608e-05)	(95, 0.00028927298785019133)	(100, 3.2359351183241734e-05)	(105, 8.825277595429564e-06)	(110, 2.9417591984765216e-06)	(115, 4.412638797714782e-05)	(120, 0.00011570919514007651)	(125, 0.0)	(130, 1.2747623193398262e-05)	(135, 0.0003530111038171826)	(140, 7.844691195937392e-05)	(145, 0.00012453447273550608)	(150, 0.0)
BS483_1	(1, 0.03881860066672049)	(2, 0.014247361981617235)	(3, 0.000865474693705415)	(4, 0.0034783840070827152)	(5, 0.0)	(6, 0.001619674069648705)	(7, 0.00029673418069899943)	(8, 1.2363924195791643e-05)	(9, 0.0)	(10, 1.0715400969686089e-05)	(15, 8.242616130527762e-05)	(20, 0.0003181649826383716)	(25, 7.418354517474985e-06)	(30, 0.0)	(35, 4.203734226569158e-05)	(40, 0.0005794559139761016)	(45, 0.0001821618164846635)	(50, 1.3188185808844417e-05)	(55, 3.0497679682952715e-05)	(60, 7.25350219486443e-05)	(65, 0.0002720063323074161)	(70, 0.00022914472842867174)	(75, 0.00041954916104386305)	(80, 0.0003461898774821659)	(85, 6.92379754964332e-05)	(90, 1.8133755487161075e-05)	(95, 0.000316516459412266)	(100, 0.000923997268232162)	(105, 0.0001557854448669747)	(110, 0.00011292384098823032)	(115, 9.479008550106926e-05)	(120, 0.00019122869422824408)	(125, 0.0017696896832243103)	(130, 0.00021678080423288013)	(135, 0.0011317111947214617)	(140, 0.0001269362884101275)	(145, 0.00059676540785021)	(150, 0.0001689736306758191)
BS483_2	(1, 0.03425219133040811)	(2, 0.008456924149921483)	(3, 0.0)	(4, 0.0)	(5, 0.0)	(6, 1.648523226105552e-05)	(7, 0.0)	(8, 0.00055225528074536)	(9, 0.0)	(10, 9.066877743580538e-06)	(15, 8.242616130527761e-07)	(20, 3.2970464522111042e-06)	(25, 2.4727848391583283e-06)	(30, 0.00018463460132382185)	(35, 0.00013930021260591917)	(40, 4.038881903958603e-05)	(45, 0.000441804224596288)	(50, 0.0006363299652767432)	(55, 5.1104220009272116e-05)	(60, 2.4727848391583283e-06)	(65, 0.00040306392878280755)	(70, 4.121308065263881e-05)	(75, 0.0002769519019857328)	(80, 1.1539662582738866e-05)	(85, 4.203734226569158e-05)	(90, 6.511666743116931e-05)	(95, 0.0002415086526244634)	(100, 3.956455742653325e-05)	(105, 9.891139356633313e-06)	(110, 7.418354517474985e-06)	(115, 3.0497679682952715e-05)	(120, 9.149303904885814e-05)	(125, 2.4727848391583283e-06)	(130, 8.24261613052776e-06)	(135, 0.00028272173327710217)	(140, 6.264388259201098e-05)	(145, 0.00010138417840549145)	(150, 4.12130806526388e-06)
BS484_1	(1, 0.04205353548659944)	(2, 0.0015175070377090986)	(3, 0.00028966658554561146)	(4, 0.005257232358559157)	(5, 0.0)	(6, 0.0)	(7, 0.0)	(8, 0.0)	(9, 0.0)	(10, 1.7293527495260385e-05)	(15, 4.755720061196606e-05)	(20, 4.582784786244002e-05)	(25, 5.188058248578116e-06)	(30, 0.0)	(35, 3.199302586623171e-05)	(40, 0.0006052734623341134)	(45, 3.4587054990520766e-06)	(50, 1.124079287191925e-05)	(55, 4.1504465988624926e-05)	(60, 0.00012019001609205968)	(65, 0.00043666156925532465)	(70, 0.0003424118444061556)	(75, 0.0006052734623341134)	(80, 0.00047384265337013456)	(85, 7.955022647819776e-05)	(90, 2.507561486812756e-05)	(95, 0.0004167740126357753)	(100, 0.0011906593680486774)	(105, 0.0002507561486812756)	(110, 0.0001755293040768929)	(115, 0.00017725865682641893)	(120, 0.00030350140754181976)	(125, 0.002380454059722592)	(130, 0.00034414119715568166)	(135, 0.0016247269081797132)	(140, 0.0001755293040768929)	(145, 0.0008188485269005792)	(150, 0.0002464327668074605)
BS484_2	(1, 0.03086462319716597)	(2, 0.012191936884158571)	(3, 0.0)	(4, 0.0)	(5, 0.0)	(6, 2.5940291242890575e-05)	(7, 0.0)	(8, 0.0008862932841320947)	(9, 0.0)	(10, 1.3834821996208306e-05)	(15, 3.4587054990520766e-06)	(20, 0.0)	(25, 1.7293527495260383e-06)	(30, 0.0002939899674194265)	(35, 0.00021789844644028085)	(40, 5.620396435959625e-05)	(45, 0.0006191082843303218)	(50, 0.0008318186725220246)	(55, 9.424972484916909e-05)	(60, 4.323381873815096e-06)	(65, 0.0005092943847354183)	(70, 6.139202260817436e-05)	(75, 0.00033635910978281445)	(80, 1.3834821996208306e-05)	(85, 7.263281548009361e-05)	(90, 7.955022647819776e-05)	(95, 0.00029053126192037445)	(100, 4.8421876986729076e-05)	(105, 1.124079287191925e-05)	(110, 6.0527346233411345e-06)	(115, 5.188058248578115e-05)	(120, 0.00013402483808826798)	(125, 2.594029124289058e-06)	(130, 2.507561486812756e-05)	(135, 0.00038218695764525445)	(140, 9.424972484916909e-05)	(145, 0.00014526563096018723)	(150, 8.646763747630192e-06)
BS485_1	(1, 0.04017078141336222)	(2, 0.010163640554088582)	(3, 0.000674746909436361)	(4, 0.004023019309092266)	(5, 0.0)	(6, 0.0011288218736482517)	(7, 0.00020794087146152004)	(8, 8.487382508633471e-06)	(9, 0.0)	(10, 1.188233551208686e-05)	(15, 6.959653657079447e-05)	(20, 0.00022406689822792366)	(25, 4.243691254316736e-06)	(30, 0.0)	(35, 3.4798268285397236e-05)	(40, 0.0005516798630611757)	(45, 0.00012136956987345864)	(50, 8.487382508633471e-06)	(55, 3.989069779057731e-05)	(60, 8.742003983892475e-05)	(65, 0.0003072432468125317)	(70, 0.0002537727370081408)	(75, 0.0004922681855007413)	(80, 0.00040230193090922653)	(85, 8.232761033374467e-05)	(90, 1.3579812013813555e-05)	(95, 0.0003505288976065624)	(100, 0.0009811414179980295)	(105, 0.00017738629443043955)	(110, 0.00012136956987345864)	(115, 0.00012136956987345864)	(120, 0.00021473077746842682)	(125, 0.0019325769972158415)	(130, 0.00025292399875727746)	(135, 0.0013062081680786913)	(140, 0.0001366468583889989)	(145, 0.0006374024263983738)	(150, 0.0001867224151899364)
BS485_2	(1, 0.032540624538100735)	(2, 0.009599229617264457)	(3, 0.0)	(4, 0.0)	(5, 0.0)	(6, 8.487382508633471e-06)	(7, 0.0)	(8, 0.0006153352318759267)	(9, 0.0)	(10, 1.2731073762950206e-05)	(15, 5.94116775604343e-06)	(20, 2.5462147525900415e-06)	(25, 2.5462147525900415e-06)	(30, 0.00019436105944770651)	(35, 0.00016805017367094274)	(40, 4.328565079403071e-05)	(45, 0.0004880244942464246)	(50, 0.0006535284531647773)	(55, 6.365536881475104e-05)	(60, 8.487382508633472e-07)	(65, 0.00040824309866526994)	(70, 5.262177155352752e-05)	(75, 0.0002478315692520974)	(80, 1.188233551208686e-05)	(85, 5.177303330266418e-05)	(90, 8.232761033374467e-05)	(95, 0.0002266131129805137)	(100, 3.0554577031080496e-05)	(105, 7.638644257770124e-06)	(110, 1.0184859010360166e-05)	(115, 3.904195953971397e-05)	(120, 0.00010863849611050844)	(125, 8.487382508633472e-07)	(130, 1.782350326813029e-05)	(135, 0.0002987558643038982)	(140, 6.874779831993113e-05)	(145, 0.0001298569523820921)	(150, 4.243691254316736e-06)
BS486_1	(1, 0.04315515963067103)	(2, 0.001490203839515553)	(3, 0.0002858904248471085)	(4, 0.005006656065134988)	(5, 0.0)	(6, 0.0)	(7, 0.0)	(8, 0.0)	(9, 0.0)	(10, 1.858287761506205e-05)	(15, 4.931609828612621e-05)	(20, 4.145411160283073e-05)	(25, 3.573630310588856e-06)	(30, 0.0)	(35, 2.0012329739297594e-05)	(40, 0.0005925079054956323)	(45, 5.0030824348243986e-06)	(50, 1.0006164869648797e-05)	(55, 3.502157704377079e-05)	(60, 0.00012078870449790334)	(65, 0.0004152558420904251)	(70, 0.0003252003582635859)	(75, 0.0005853606448744546)	(80, 0.0004760075573704356)	(85, 8.505240139201477e-05)	(90, 1.5723973366590967e-05)	(95, 0.00040739385540712955)	(100, 0.0013058045154891679)	(105, 0.0002451510393063955)	(110, 0.00017081952884614733)	(115, 0.00016796062459767622)	(120, 0.0002773137121016952)	(125, 0.0025029706695364347)	(130, 0.00031162056308334826)	(135, 0.0016717442592934669)	(140, 0.0001894024064612094)	(145, 0.0008819719606533297)	(150, 0.00021441781863533135)
BS486_2	(1, 0.03125497069641013)	(2, 0.011921630716124424)	(3, 0.0)	(4, 0.0)	(5, 0.0)	(6, 1.7868151552944282e-05)	(7, 0.0)	(8, 0.0007647568864660152)	(9, 0.0)	(10, 1.9297603677179824e-05)	(15, 4.288356372706627e-06)	(20, 0.0)	(25, 1.4294521242355423e-06)	(30, 0.0002680222732941642)	(35, 0.00020655583195203588)	(40, 5.288972859671507e-05)	(45, 0.0006053729746137522)	(50, 0.0008741099739700342)	(55, 8.576712745413254e-05)	(60, 1.4294521242355423e-06)	(65, 0.0005703513975699815)	(70, 5.860753709365724e-05)	(75, 0.00034592741406500125)	(80, 9.291438807531025e-06)	(85, 6.789897590118826e-05)	(90, 8.862603170260362e-05)	(95, 0.000321626727952997)	(100, 4.288356372706627e-05)	(105, 1.5009247304473195e-05)	(110, 6.432534559059941e-06)	(115, 4.5742467975537353e-05)	(120, 0.00012579178693272774)	(125, 7.147260621177711e-07)	(130, 1.9297603677179824e-05)	(135, 0.0003930993341647742)	(140, 8.362294926777923e-05)	(145, 0.0001393715821129654)	(150, 0.0)
