
SUMMARISING RUN PARAMETERS
==========================
Input filename: /NFSs-datarepo/ngs_omics/NGS_stu_rna-seq_2020_mpe_Bacillus/data/BS449_1.fq.gz
Trimming mode: paired-end
Trim Galore version: 0.6.4_dev
Cutadapt version: 2.10
Python version: could not detect
Number of cores used for trimming: 30
Quality Phred score cutoff: 20
Quality encoding type selected: ASCII+33
Using Illumina adapter for trimming (count: 13855). Second best hit was smallRNA (count: 18)
Adapter sequence: 'AGATCGGAAGAGC' (Illumina TruSeq, Sanger iPCR; auto-detected)
Maximum trimming error rate: 0.1 (default)
Minimum required adapter overlap (stringency): 1 bp
Minimum required sequence length for both reads before a sequence pair gets removed: 20 bp
Removing Ns from the start and end of reads
Output file will be GZIP compressed


This is cutadapt 2.10 with Python 3.7.8
Command line parameters: -j 30 -e 0.1 -q 20 -O 1 --trim-n -a AGATCGGAAGAGC /NFSs-datarepo/ngs_omics/NGS_stu_rna-seq_2020_mpe_Bacillus/data/BS449_1.fq.gz
Processing reads on 30 cores in single-end mode ...
Finished in 104.30 s (4 us/read; 14.09 M reads/minute).

=== Summary ===

Total reads processed:              24,494,411
Reads with adapters:                 8,768,111 (35.8%)
Reads written (passing filters):    24,494,411 (100.0%)

Total basepairs processed: 3,674,161,650 bp
Quality-trimmed:               2,205,618 bp (0.1%)
Total written (filtered):  3,648,049,179 bp (99.3%)

=== Adapter 1 ===

Sequence: AGATCGGAAGAGC; Type: regular 3'; Length: 13; Trimmed: 8768111 times

No. of allowed errors:
0-9 bp: 0; 10-13 bp: 1

Bases preceding removed adapters:
  A: 31.3%
  C: 31.0%
  G: 19.1%
  T: 18.5%
  none/other: 0.0%

Overview of removed sequences
length	count	expect	max.err	error counts
1	6123502	6123602.8	0	6123502
2	1520864	1530900.7	0	1520864
3	461982	382725.2	0	461982
4	131278	95681.3	0	131278
5	53115	23920.3	0	53115
6	24556	5980.1	0	24556
7	21363	1495.0	0	21363
8	19769	373.8	0	19769
9	18570	93.4	0	18064 506
10	18568	23.4	1	17475 1093
11	18076	5.8	1	17235 841
12	16162	1.5	1	15736 426
13	15708	0.4	1	15314 394
14	15592	0.4	1	15174 418
15	14279	0.4	1	13952 327
16	14106	0.4	1	13751 355
17	12945	0.4	1	12538 407
18	11904	0.4	1	11612 292
19	11331	0.4	1	11112 219
20	11453	0.4	1	11156 297
21	10124	0.4	1	9803 321
22	10391	0.4	1	10122 269
23	10167	0.4	1	9911 256
24	9572	0.4	1	9336 236
25	8957	0.4	1	8780 177
26	8528	0.4	1	8325 203
27	8626	0.4	1	8381 245
28	8362	0.4	1	8138 224
29	7618	0.4	1	7318 300
30	7493	0.4	1	7356 137
31	7165	0.4	1	7005 160
32	6658	0.4	1	6513 145
33	6292	0.4	1	6107 185
34	5943	0.4	1	5800 143
35	5635	0.4	1	5531 104
36	5709	0.4	1	5506 203
37	5179	0.4	1	5042 137
38	5073	0.4	1	4910 163
39	4994	0.4	1	4790 204
40	4631	0.4	1	4517 114
41	4517	0.4	1	4325 192
42	4089	0.4	1	3914 175
43	4080	0.4	1	3967 113
44	3755	0.4	1	3653 102
45	5171	0.4	1	5080 91
46	1296	0.4	1	1246 50
47	2971	0.4	1	2911 60
48	3019	0.4	1	2957 62
49	3021	0.4	1	2956 65
50	2672	0.4	1	2611 61
51	2770	0.4	1	2703 67
52	2551	0.4	1	2488 63
53	2256	0.4	1	2166 90
54	2427	0.4	1	2381 46
55	2420	0.4	1	2338 82
56	1943	0.4	1	1899 44
57	2258	0.4	1	2187 71
58	2225	0.4	1	2036 189
59	1736	0.4	1	1678 58
60	1620	0.4	1	1579 41
61	1575	0.4	1	1536 39
62	1591	0.4	1	1537 54
63	1406	0.4	1	1377 29
64	1215	0.4	1	1150 65
65	1171	0.4	1	1101 70
66	1278	0.4	1	1240 38
67	1230	0.4	1	1195 35
68	1611	0.4	1	1574 37
69	943	0.4	1	919 24
70	1166	0.4	1	1057 109
71	85	0.4	1	75 10
72	102	0.4	1	86 16
73	368	0.4	1	356 12
74	498	0.4	1	479 19
75	559	0.4	1	522 37
76	437	0.4	1	396 41
77	425	0.4	1	382 43
78	445	0.4	1	431 14
79	362	0.4	1	344 18
80	373	0.4	1	351 22
81	322	0.4	1	250 72
82	295	0.4	1	276 19
83	262	0.4	1	247 15
84	364	0.4	1	221 143
85	337	0.4	1	206 131
86	298	0.4	1	249 49
87	179	0.4	1	161 18
88	255	0.4	1	239 16
89	208	0.4	1	183 25
90	264	0.4	1	201 63
91	257	0.4	1	160 97
92	126	0.4	1	113 13
93	160	0.4	1	140 20
94	170	0.4	1	114 56
95	142	0.4	1	131 11
96	183	0.4	1	108 75
97	152	0.4	1	117 35
98	135	0.4	1	86 49
99	86	0.4	1	78 8
100	98	0.4	1	87 11
101	121	0.4	1	90 31
102	70	0.4	1	60 10
103	98	0.4	1	77 21
104	160	0.4	1	101 59
105	96	0.4	1	62 34
106	63	0.4	1	55 8
107	93	0.4	1	56 37
108	137	0.4	1	68 69
109	79	0.4	1	70 9
110	178	0.4	1	160 18
111	112	0.4	1	87 25
112	142	0.4	1	91 51
113	154	0.4	1	121 33
114	116	0.4	1	109 7
115	108	0.4	1	66 42
116	67	0.4	1	64 3
117	61	0.4	1	56 5
118	97	0.4	1	67 30
119	479	0.4	1	457 22
120	251	0.4	1	246 5
121	135	0.4	1	87 48
122	99	0.4	1	56 43
123	92	0.4	1	37 55
124	34	0.4	1	26 8
125	42	0.4	1	37 5
126	64	0.4	1	25 39
127	614	0.4	1	593 21
128	79	0.4	1	50 29
129	17	0.4	1	16 1
130	24	0.4	1	22 2
131	21	0.4	1	19 2
132	24	0.4	1	22 2
133	11	0.4	1	10 1
134	60	0.4	1	9 51
135	31	0.4	1	8 23
136	16	0.4	1	13 3
137	74	0.4	1	9 65
138	168	0.4	1	138 30
139	91	0.4	1	44 47
140	61	0.4	1	22 39
141	154	0.4	1	150 4
142	39	0.4	1	33 6
143	181	0.4	1	132 49
144	12	0.4	1	5 7
145	16	0.4	1	9 7
146	28	0.4	1	19 9
147	30	0.4	1	7 23
148	40	0.4	1	2 38
149	175	0.4	1	14 161
150	2827	0.4	1	184 2643

RUN STATISTICS FOR INPUT FILE: /NFSs-datarepo/ngs_omics/NGS_stu_rna-seq_2020_mpe_Bacillus/data/BS449_1.fq.gz
=============================================
24494411 sequences processed in total

