
SUMMARISING RUN PARAMETERS
==========================
Input filename: /NFSs-datarepo/ngs_omics/NGS_stu_rna-seq_2020_mpe_Bacillus/data/BS450_1.fq.gz
Trimming mode: paired-end
Trim Galore version: 0.6.4_dev
Cutadapt version: 2.10
Python version: could not detect
Number of cores used for trimming: 30
Quality Phred score cutoff: 20
Quality encoding type selected: ASCII+33
Using Illumina adapter for trimming (count: 13728). Second best hit was smallRNA (count: 20)
Adapter sequence: 'AGATCGGAAGAGC' (Illumina TruSeq, Sanger iPCR; auto-detected)
Maximum trimming error rate: 0.1 (default)
Minimum required adapter overlap (stringency): 1 bp
Minimum required sequence length for both reads before a sequence pair gets removed: 20 bp
Removing Ns from the start and end of reads
Output file will be GZIP compressed


This is cutadapt 2.10 with Python 3.7.8
Command line parameters: -j 30 -e 0.1 -q 20 -O 1 --trim-n -a AGATCGGAAGAGC /NFSs-datarepo/ngs_omics/NGS_stu_rna-seq_2020_mpe_Bacillus/data/BS450_1.fq.gz
Processing reads on 30 cores in single-end mode ...
Finished in 98.82 s (4 us/read; 14.24 M reads/minute).

=== Summary ===

Total reads processed:              23,458,721
Reads with adapters:                 8,329,650 (35.5%)
Reads written (passing filters):    23,458,721 (100.0%)

Total basepairs processed: 3,518,808,150 bp
Quality-trimmed:               1,869,544 bp (0.1%)
Total written (filtered):  3,492,796,209 bp (99.3%)

=== Adapter 1 ===

Sequence: AGATCGGAAGAGC; Type: regular 3'; Length: 13; Trimmed: 8329650 times

No. of allowed errors:
0-9 bp: 0; 10-13 bp: 1

Bases preceding removed adapters:
  A: 31.0%
  C: 31.6%
  G: 18.8%
  T: 18.4%
  none/other: 0.1%

Overview of removed sequences
length	count	expect	max.err	error counts
1	5801131	5864680.2	0	5801131
2	1451056	1466170.1	0	1451056
3	444698	366542.5	0	444698
4	126942	91635.6	0	126942
5	49751	22908.9	0	49751
6	21524	5727.2	0	21524
7	18236	1431.8	0	18236
8	18620	358.0	0	18620
9	15345	89.5	0	14679 666
10	17346	22.4	1	16403 943
11	16575	5.6	1	15508 1067
12	13748	1.4	1	13346 402
13	13489	0.3	1	13191 298
14	13651	0.3	1	13265 386
15	12469	0.3	1	12150 319
16	13192	0.3	1	12872 320
17	12313	0.3	1	12010 303
18	11456	0.3	1	11221 235
19	10257	0.3	1	10019 238
20	10322	0.3	1	10106 216
21	10662	0.3	1	10395 267
22	8956	0.3	1	8728 228
23	10340	0.3	1	9958 382
24	8111	0.3	1	7909 202
25	9006	0.3	1	8770 236
26	9147	0.3	1	8926 221
27	8480	0.3	1	8302 178
28	7133	0.3	1	6984 149
29	7332	0.3	1	7152 180
30	6731	0.3	1	6566 165
31	6791	0.3	1	6667 124
32	6497	0.3	1	6368 129
33	6180	0.3	1	5982 198
34	5699	0.3	1	5567 132
35	5738	0.3	1	5579 159
36	5782	0.3	1	5673 109
37	4930	0.3	1	4827 103
38	4754	0.3	1	4607 147
39	4892	0.3	1	4773 119
40	4797	0.3	1	4663 134
41	3844	0.3	1	3728 116
42	4267	0.3	1	4177 90
43	3851	0.3	1	3744 107
44	3858	0.3	1	3706 152
45	5365	0.3	1	5283 82
46	1315	0.3	1	1239 76
47	2104	0.3	1	2060 44
48	3572	0.3	1	3495 77
49	2610	0.3	1	2559 51
50	2732	0.3	1	2662 70
51	2837	0.3	1	2768 69
52	2570	0.3	1	2514 56
53	2555	0.3	1	2492 63
54	2701	0.3	1	2641 60
55	2961	0.3	1	2908 53
56	2239	0.3	1	2191 48
57	2217	0.3	1	2125 92
58	2284	0.3	1	2240 44
59	2109	0.3	1	2058 51
60	1857	0.3	1	1822 35
61	1451	0.3	1	1425 26
62	2100	0.3	1	2030 70
63	1504	0.3	1	1460 44
64	1339	0.3	1	1304 35
65	946	0.3	1	929 17
66	1427	0.3	1	1390 37
67	1115	0.3	1	1090 25
68	1805	0.3	1	1755 50
69	1138	0.3	1	1111 27
70	1260	0.3	1	1132 128
71	82	0.3	1	40 42
72	126	0.3	1	91 35
73	487	0.3	1	442 45
74	525	0.3	1	491 34
75	560	0.3	1	538 22
76	499	0.3	1	486 13
77	456	0.3	1	443 13
78	459	0.3	1	438 21
79	465	0.3	1	451 14
80	329	0.3	1	317 12
81	340	0.3	1	331 9
82	363	0.3	1	344 19
83	331	0.3	1	257 74
84	263	0.3	1	225 38
85	283	0.3	1	245 38
86	196	0.3	1	180 16
87	215	0.3	1	202 13
88	234	0.3	1	183 51
89	275	0.3	1	237 38
90	291	0.3	1	179 112
91	179	0.3	1	171 8
92	159	0.3	1	149 10
93	128	0.3	1	87 41
94	130	0.3	1	113 17
95	152	0.3	1	107 45
96	78	0.3	1	74 4
97	113	0.3	1	106 7
98	98	0.3	1	82 16
99	68	0.3	1	61 7
100	99	0.3	1	94 5
101	102	0.3	1	98 4
102	99	0.3	1	95 4
103	77	0.3	1	70 7
104	160	0.3	1	150 10
105	123	0.3	1	74 49
106	107	0.3	1	36 71
107	48	0.3	1	38 10
108	233	0.3	1	54 179
109	46	0.3	1	42 4
110	84	0.3	1	73 11
111	95	0.3	1	47 48
112	83	0.3	1	75 8
113	284	0.3	1	206 78
114	249	0.3	1	241 8
115	183	0.3	1	151 32
116	33	0.3	1	29 4
117	78	0.3	1	74 4
118	181	0.3	1	137 44
119	890	0.3	1	886 4
120	514	0.3	1	500 14
121	265	0.3	1	252 13
122	121	0.3	1	89 32
123	42	0.3	1	34 8
124	55	0.3	1	53 2
125	77	0.3	1	33 44
126	31	0.3	1	25 6
127	1430	0.3	1	1409 21
128	103	0.3	1	83 20
129	47	0.3	1	11 36
130	54	0.3	1	50 4
131	50	0.3	1	50
132	31	0.3	1	25 6
133	20	0.3	1	16 4
134	20	0.3	1	17 3
135	10	0.3	1	9 1
136	26	0.3	1	18 8
137	7	0.3	1	5 2
138	331	0.3	1	318 13
139	81	0.3	1	81
140	37	0.3	1	31 6
141	384	0.3	1	371 13
142	155	0.3	1	105 50
143	207	0.3	1	193 14
144	27	0.3	1	15 12
145	69	0.3	1	23 46
146	43	0.3	1	23 20
147	88	0.3	1	16 72
148	61	0.3	1	16 45
149	206	0.3	1	22 184
150	7908	0.3	1	462 7446

RUN STATISTICS FOR INPUT FILE: /NFSs-datarepo/ngs_omics/NGS_stu_rna-seq_2020_mpe_Bacillus/data/BS450_1.fq.gz
=============================================
23458721 sequences processed in total

