
SUMMARISING RUN PARAMETERS
==========================
Input filename: /NFSs-datarepo/ngs_omics/NGS_stu_rna-seq_2020_mpe_Bacillus/data/BS472_1.fq.gz
Trimming mode: paired-end
Trim Galore version: 0.6.4_dev
Cutadapt version: 2.10
Python version: could not detect
Number of cores used for trimming: 30
Quality Phred score cutoff: 20
Quality encoding type selected: ASCII+33
Using Illumina adapter for trimming (count: 33255). Second best hit was Nextera (count: 0)
Adapter sequence: 'AGATCGGAAGAGC' (Illumina TruSeq, Sanger iPCR; auto-detected)
Maximum trimming error rate: 0.1 (default)
Minimum required adapter overlap (stringency): 1 bp
Minimum required sequence length for both reads before a sequence pair gets removed: 20 bp
Removing Ns from the start and end of reads
Output file will be GZIP compressed


This is cutadapt 2.10 with Python 3.7.8
Command line parameters: -j 30 -e 0.1 -q 20 -O 1 --trim-n -a AGATCGGAAGAGC /NFSs-datarepo/ngs_omics/NGS_stu_rna-seq_2020_mpe_Bacillus/data/BS472_1.fq.gz
Processing reads on 30 cores in single-end mode ...
Finished in 94.47 s (4 us/read; 14.86 M reads/minute).

=== Summary ===

Total reads processed:              23,391,454
Reads with adapters:                 7,609,147 (32.5%)
Reads written (passing filters):    23,391,454 (100.0%)

Total basepairs processed: 3,508,718,100 bp
Quality-trimmed:               4,049,116 bp (0.1%)
Total written (filtered):  3,466,336,106 bp (98.8%)

=== Adapter 1 ===

Sequence: AGATCGGAAGAGC; Type: regular 3'; Length: 13; Trimmed: 7609147 times

No. of allowed errors:
0-9 bp: 0; 10-13 bp: 1

Bases preceding removed adapters:
  A: 26.6%
  C: 31.9%
  G: 23.1%
  T: 18.3%
  none/other: 0.1%

Overview of removed sequences
length	count	expect	max.err	error counts
1	4865779	5847863.5	0	4865779
2	1202950	1461965.9	0	1202950
3	331322	365491.5	0	331322
4	110686	91372.9	0	110686
5	63957	22843.2	0	63957
6	45893	5710.8	0	45893
7	35793	1427.7	0	35793
8	36540	356.9	0	36540
9	35593	89.2	0	35106 487
10	35489	22.3	1	34758 731
11	34472	5.6	1	33575 897
12	32334	1.4	1	31675 659
13	31256	0.3	1	30623 633
14	32521	0.3	1	31720 801
15	32148	0.3	1	31248 900
16	32769	0.3	1	32001 768
17	25007	0.3	1	24323 684
18	28875	0.3	1	28297 578
19	23476	0.3	1	23056 420
20	23718	0.3	1	23156 562
21	22991	0.3	1	22529 462
22	22162	0.3	1	21729 433
23	23207	0.3	1	22709 498
24	20192	0.3	1	19652 540
25	20318	0.3	1	19900 418
26	18629	0.3	1	18278 351
27	19823	0.3	1	19430 393
28	15916	0.3	1	15582 334
29	17333	0.3	1	16816 517
30	16445	0.3	1	16138 307
31	15136	0.3	1	14821 315
32	15391	0.3	1	15091 300
33	14100	0.3	1	13762 338
34	14066	0.3	1	13783 283
35	12447	0.3	1	12046 401
36	14292	0.3	1	13988 304
37	13187	0.3	1	12883 304
38	12260	0.3	1	12027 233
39	9679	0.3	1	9480 199
40	10379	0.3	1	10172 207
41	10967	0.3	1	10706 261
42	10017	0.3	1	9808 209
43	11839	0.3	1	11541 298
44	9139	0.3	1	8950 189
45	12495	0.3	1	12261 234
46	2852	0.3	1	2773 79
47	7358	0.3	1	7244 114
48	8195	0.3	1	8033 162
49	8415	0.3	1	8249 166
50	6719	0.3	1	6585 134
51	6649	0.3	1	6490 159
52	6904	0.3	1	6781 123
53	6082	0.3	1	5984 98
54	6075	0.3	1	5930 145
55	6424	0.3	1	6259 165
56	5344	0.3	1	5240 104
57	6063	0.3	1	5920 143
58	5755	0.3	1	5632 123
59	5627	0.3	1	5516 111
60	4915	0.3	1	4831 84
61	3846	0.3	1	3745 101
62	3676	0.3	1	3587 89
63	4161	0.3	1	4090 71
64	3364	0.3	1	3296 68
65	2372	0.3	1	2315 57
66	3564	0.3	1	3490 74
67	3561	0.3	1	3504 57
68	4426	0.3	1	4366 60
69	2478	0.3	1	2418 60
70	1914	0.3	1	1871 43
71	173	0.3	1	156 17
72	278	0.3	1	258 20
73	966	0.3	1	940 26
74	1207	0.3	1	1179 28
75	1581	0.3	1	1541 40
76	1117	0.3	1	1085 32
77	983	0.3	1	961 22
78	1051	0.3	1	1025 26
79	829	0.3	1	810 19
80	868	0.3	1	832 36
81	718	0.3	1	702 16
82	892	0.3	1	864 28
83	740	0.3	1	715 25
84	710	0.3	1	654 56
85	765	0.3	1	742 23
86	712	0.3	1	664 48
87	551	0.3	1	529 22
88	319	0.3	1	305 14
89	478	0.3	1	454 24
90	453	0.3	1	423 30
91	598	0.3	1	569 29
92	263	0.3	1	244 19
93	322	0.3	1	286 36
94	156	0.3	1	147 9
95	167	0.3	1	148 19
96	201	0.3	1	184 17
97	235	0.3	1	221 14
98	241	0.3	1	216 25
99	173	0.3	1	157 16
100	205	0.3	1	104 101
101	161	0.3	1	147 14
102	157	0.3	1	149 8
103	210	0.3	1	191 19
104	343	0.3	1	322 21
105	131	0.3	1	120 11
106	173	0.3	1	136 37
107	196	0.3	1	180 16
108	157	0.3	1	128 29
109	127	0.3	1	112 15
110	178	0.3	1	162 16
111	150	0.3	1	136 14
112	286	0.3	1	266 20
113	549	0.3	1	523 26
114	629	0.3	1	443 186
115	300	0.3	1	278 22
116	96	0.3	1	81 15
117	273	0.3	1	250 23
118	161	0.3	1	151 10
119	1934	0.3	1	1910 24
120	1130	0.3	1	988 142
121	412	0.3	1	378 34
122	193	0.3	1	185 8
123	101	0.3	1	91 10
124	245	0.3	1	83 162
125	77	0.3	1	68 9
126	126	0.3	1	112 14
127	2329	0.3	1	2294 35
128	160	0.3	1	151 9
129	55	0.3	1	54 1
130	52	0.3	1	47 5
131	101	0.3	1	97 4
132	45	0.3	1	38 7
133	48	0.3	1	37 11
134	22	0.3	1	20 2
135	49	0.3	1	47 2
136	22	0.3	1	19 3
137	71	0.3	1	58 13
138	762	0.3	1	739 23
139	228	0.3	1	101 127
140	37	0.3	1	34 3
141	584	0.3	1	558 26
142	189	0.3	1	180 9
143	365	0.3	1	350 15
144	48	0.3	1	39 9
145	49	0.3	1	37 12
146	52	0.3	1	36 16
147	33	0.3	1	12 21
148	47	0.3	1	5 42
149	173	0.3	1	33 140
150	7452	0.3	1	1012 6440

RUN STATISTICS FOR INPUT FILE: /NFSs-datarepo/ngs_omics/NGS_stu_rna-seq_2020_mpe_Bacillus/data/BS472_1.fq.gz
=============================================
23391454 sequences processed in total

