
SUMMARISING RUN PARAMETERS
==========================
Input filename: /NFSs-datarepo/ngs_omics/NGS_stu_rna-seq_2020_mpe_Bacillus/data/BS472_2.fq.gz
Trimming mode: paired-end
Trim Galore version: 0.6.4_dev
Cutadapt version: 2.10
Python version: could not detect
Number of cores used for trimming: 30
Quality Phred score cutoff: 20
Quality encoding type selected: ASCII+33
Using Illumina adapter for trimming (count: 33255). Second best hit was Nextera (count: 0)
Adapter sequence: 'AGATCGGAAGAGC' (Illumina TruSeq, Sanger iPCR; auto-detected)
Maximum trimming error rate: 0.1 (default)
Minimum required adapter overlap (stringency): 1 bp
Minimum required sequence length for both reads before a sequence pair gets removed: 20 bp
Removing Ns from the start and end of reads
Output file will be GZIP compressed


This is cutadapt 2.10 with Python 3.7.8
Command line parameters: -j 30 -e 0.1 -q 20 -O 1 --trim-n -a AGATCGGAAGAGC /NFSs-datarepo/ngs_omics/NGS_stu_rna-seq_2020_mpe_Bacillus/data/BS472_2.fq.gz
Processing reads on 30 cores in single-end mode ...
Finished in 97.84 s (4 us/read; 14.34 M reads/minute).

=== Summary ===

Total reads processed:              23,391,454
Reads with adapters:                 8,593,040 (36.7%)
Reads written (passing filters):    23,391,454 (100.0%)

Total basepairs processed: 3,508,718,100 bp
Quality-trimmed:               5,773,923 bp (0.2%)
Total written (filtered):  3,464,186,056 bp (98.7%)

=== Adapter 1 ===

Sequence: AGATCGGAAGAGC; Type: regular 3'; Length: 13; Trimmed: 8593040 times

No. of allowed errors:
0-9 bp: 0; 10-13 bp: 1

Bases preceding removed adapters:
  A: 29.3%
  C: 27.3%
  G: 27.1%
  T: 16.3%
  none/other: 0.0%

Overview of removed sequences
length	count	expect	max.err	error counts
1	5369597	5847863.5	0	5369597
2	1551066	1461965.9	0	1551066
3	441066	365491.5	0	441066
4	142819	91372.9	0	142819
5	64191	22843.2	0	64191
6	40709	5710.8	0	40709
7	36743	1427.7	0	36743
8	39958	356.9	0	39958
9	31541	89.2	0	31100 441
10	36966	22.3	1	34907 2059
11	33925	5.6	1	32605 1320
12	33041	1.4	1	31692 1349
13	30907	0.3	1	29790 1117
14	33355	0.3	1	32110 1245
15	31074	0.3	1	29954 1120
16	32249	0.3	1	31092 1157
17	27681	0.3	1	26624 1057
18	24924	0.3	1	24129 795
19	28952	0.3	1	27833 1119
20	20464	0.3	1	19726 738
21	21658	0.3	1	20956 702
22	22146	0.3	1	21437 709
23	22969	0.3	1	22232 737
24	22327	0.3	1	21321 1006
25	22410	0.3	1	21668 742
26	16284	0.3	1	15728 556
27	18274	0.3	1	17660 614
28	16089	0.3	1	15607 482
29	16996	0.3	1	16158 838
30	17047	0.3	1	16410 637
31	14970	0.3	1	14467 503
32	15218	0.3	1	14740 478
33	14545	0.3	1	14084 461
34	14300	0.3	1	13783 517
35	12527	0.3	1	12009 518
36	13747	0.3	1	13308 439
37	13067	0.3	1	12652 415
38	16747	0.3	1	16191 556
39	10343	0.3	1	10064 279
40	6156	0.3	1	5967 189
41	10523	0.3	1	10257 266
42	14216	0.3	1	13731 485
43	8038	0.3	1	7817 221
44	28746	0.3	1	27980 766
45	7259	0.3	1	7025 234
46	2974	0.3	1	2856 118
47	14112	0.3	1	13795 317
48	2413	0.3	1	2308 105
49	6219	0.3	1	6061 158
50	2028	0.3	1	1967 61
51	3250	0.3	1	3158 92
52	1822	0.3	1	1749 73
53	6158	0.3	1	5988 170
54	9642	0.3	1	9396 246
55	2724	0.3	1	2614 110
56	5430	0.3	1	5287 143
57	13673	0.3	1	13365 308
58	3548	0.3	1	3403 145
59	2965	0.3	1	2884 81
60	9152	0.3	1	8835 317
61	3173	0.3	1	3076 97
62	1133	0.3	1	1068 65
63	7498	0.3	1	7324 174
64	8541	0.3	1	8349 192
65	1740	0.3	1	1684 56
66	2146	0.3	1	2074 72
67	1891	0.3	1	1834 57
68	642	0.3	1	617 25
69	1034	0.3	1	1002 32
70	1389	0.3	1	1352 37
71	676	0.3	1	656 20
72	630	0.3	1	504 126
73	608	0.3	1	586 22
74	562	0.3	1	549 13
75	658	0.3	1	635 23
76	618	0.3	1	576 42
77	616	0.3	1	586 30
78	768	0.3	1	740 28
79	667	0.3	1	636 31
80	721	0.3	1	686 35
81	614	0.3	1	601 13
82	773	0.3	1	734 39
83	703	0.3	1	669 34
84	634	0.3	1	594 40
85	710	0.3	1	666 44
86	602	0.3	1	562 40
87	450	0.3	1	415 35
88	312	0.3	1	295 17
89	433	0.3	1	409 24
90	466	0.3	1	437 29
91	558	0.3	1	523 35
92	254	0.3	1	237 17
93	335	0.3	1	292 43
94	160	0.3	1	139 21
95	160	0.3	1	140 20
96	174	0.3	1	161 13
97	241	0.3	1	210 31
98	406	0.3	1	215 191
99	193	0.3	1	170 23
100	136	0.3	1	117 19
101	180	0.3	1	155 25
102	169	0.3	1	154 15
103	204	0.3	1	186 18
104	339	0.3	1	311 28
105	147	0.3	1	124 23
106	175	0.3	1	145 30
107	220	0.3	1	192 28
108	145	0.3	1	123 22
109	169	0.3	1	149 20
110	199	0.3	1	182 17
111	174	0.3	1	167 7
112	296	0.3	1	270 26
113	509	0.3	1	485 24
114	443	0.3	1	417 26
115	293	0.3	1	271 22
116	114	0.3	1	97 17
117	278	0.3	1	267 11
118	170	0.3	1	155 15
119	1950	0.3	1	1895 55
120	1075	0.3	1	938 137
121	421	0.3	1	386 35
122	190	0.3	1	183 7
123	104	0.3	1	95 9
124	245	0.3	1	90 155
125	93	0.3	1	77 16
126	324	0.3	1	154 170
127	2296	0.3	1	2257 39
128	169	0.3	1	162 7
129	59	0.3	1	57 2
130	48	0.3	1	44 4
131	105	0.3	1	94 11
132	235	0.3	1	38 197
133	38	0.3	1	35 3
134	20	0.3	1	20
135	48	0.3	1	46 2
136	20	0.3	1	18 2
137	64	0.3	1	60 4
138	743	0.3	1	735 8
139	103	0.3	1	99 4
140	37	0.3	1	37
141	563	0.3	1	556 7
142	187	0.3	1	184 3
143	355	0.3	1	347 8
144	40	0.3	1	40
145	38	0.3	1	36 2
146	36	0.3	1	33 3
147	17	0.3	1	15 2
148	13	0.3	1	10 3
149	59	0.3	1	35 24
150	1156	0.3	1	997 159

RUN STATISTICS FOR INPUT FILE: /NFSs-datarepo/ngs_omics/NGS_stu_rna-seq_2020_mpe_Bacillus/data/BS472_2.fq.gz
=============================================
23391454 sequences processed in total

Total number of sequences analysed for the sequence pair length validation: 23391454

Number of sequence pairs removed because at least one read was shorter than the length cutoff (20 bp): 15456 (0.07%)
