
SUMMARISING RUN PARAMETERS
==========================
Input filename: /NFSs-datarepo/ngs_omics/NGS_stu_rna-seq_2020_mpe_Bacillus/data/BS485_1.fq.gz
Trimming mode: paired-end
Trim Galore version: 0.6.4_dev
Cutadapt version: 2.10
Python version: could not detect
Number of cores used for trimming: 30
Quality Phred score cutoff: 20
Quality encoding type selected: ASCII+33
Using Illumina adapter for trimming (count: 21554). Second best hit was Nextera (count: 12)
Adapter sequence: 'AGATCGGAAGAGC' (Illumina TruSeq, Sanger iPCR; auto-detected)
Maximum trimming error rate: 0.1 (default)
Minimum required adapter overlap (stringency): 1 bp
Minimum required sequence length for both reads before a sequence pair gets removed: 20 bp
Removing Ns from the start and end of reads
Output file will be GZIP compressed


This is cutadapt 2.10 with Python 3.7.8
Command line parameters: -j 30 -e 0.1 -q 20 -O 1 --trim-n -a AGATCGGAAGAGC /NFSs-datarepo/ngs_omics/NGS_stu_rna-seq_2020_mpe_Bacillus/data/BS485_1.fq.gz
Processing reads on 30 cores in single-end mode ...
Finished in 95.15 s (4 us/read; 14.86 M reads/minute).

=== Summary ===

Total reads processed:              23,564,391
Reads with adapters:                 8,973,801 (38.1%)
Reads written (passing filters):    23,564,391 (100.0%)

Total basepairs processed: 3,534,658,650 bp
Quality-trimmed:               1,653,600 bp (0.0%)
Total written (filtered):  3,502,422,988 bp (99.1%)

=== Adapter 1 ===

Sequence: AGATCGGAAGAGC; Type: regular 3'; Length: 13; Trimmed: 8973801 times

No. of allowed errors:
0-9 bp: 0; 10-13 bp: 1

Bases preceding removed adapters:
  A: 32.8%
  C: 29.0%
  G: 18.0%
  T: 20.2%
  none/other: 0.0%

Overview of removed sequences
length	count	expect	max.err	error counts
1	6214946	5891097.8	0	6214946
2	1441045	1472774.4	0	1441045
3	465342	368193.6	0	465342
4	133238	92048.4	0	133238
5	50563	23012.1	0	50563
6	24610	5753.0	0	24610
7	21709	1438.3	0	21709
8	21334	359.6	0	21334
9	20037	89.9	0	19491 546
10	20481	22.5	1	19221 1260
11	20000	5.6	1	19036 964
12	19224	1.4	1	18673 551
13	17991	0.4	1	17545 446
14	17902	0.4	1	17330 572
15	17380	0.4	1	16965 415
16	17432	0.4	1	16850 582
17	16835	0.4	1	16335 500
18	16054	0.4	1	15685 369
19	15168	0.4	1	14866 302
20	15208	0.4	1	14854 354
21	14585	0.4	1	14248 337
22	13949	0.4	1	13650 299
23	14160	0.4	1	13846 314
24	13626	0.4	1	13249 377
25	13224	0.4	1	12912 312
26	12866	0.4	1	12603 263
27	12710	0.4	1	12431 279
28	11764	0.4	1	11544 220
29	12082	0.4	1	11750 332
30	11611	0.4	1	11398 213
31	10458	0.4	1	10237 221
32	10550	0.4	1	10340 210
33	10457	0.4	1	10189 268
34	10137	0.4	1	9884 253
35	9746	0.4	1	9512 234
36	9389	0.4	1	9097 292
37	9359	0.4	1	9098 261
38	8916	0.4	1	8672 244
39	8658	0.4	1	8426 232
40	8362	0.4	1	8119 243
41	8412	0.4	1	7905 507
42	8655	0.4	1	8357 298
43	6853	0.4	1	6625 228
44	7402	0.4	1	7205 197
45	11567	0.4	1	11379 188
46	2193	0.4	1	2097 96
47	5912	0.4	1	5796 116
48	6286	0.4	1	6146 140
49	5983	0.4	1	5857 126
50	5553	0.4	1	5420 133
51	5734	0.4	1	5591 143
52	5349	0.4	1	5246 103
53	4804	0.4	1	4665 139
54	4751	0.4	1	4418 333
55	5004	0.4	1	4709 295
56	4105	0.4	1	3948 157
57	4402	0.4	1	4239 163
58	4273	0.4	1	4136 137
59	3590	0.4	1	3488 102
60	3403	0.4	1	3292 111
61	2708	0.4	1	2537 171
62	3477	0.4	1	3220 257
63	3351	0.4	1	3235 116
64	2894	0.4	1	2405 489
65	2361	0.4	1	1975 386
66	3155	0.4	1	3023 132
67	2548	0.4	1	2435 113
68	3455	0.4	1	3379 76
69	2065	0.4	1	2005 60
70	1862	0.4	1	1798 64
71	200	0.4	1	160 40
72	319	0.4	1	294 25
73	885	0.4	1	862 23
74	1064	0.4	1	1029 35
75	1159	0.4	1	1102 57
76	1048	0.4	1	1019 29
77	879	0.4	1	837 42
78	813	0.4	1	782 31
79	707	0.4	1	675 32
80	691	0.4	1	628 63
81	621	0.4	1	590 31
82	571	0.4	1	543 28
83	489	0.4	1	451 38
84	1042	0.4	1	404 638
85	612	0.4	1	369 243
86	342	0.4	1	297 45
87	396	0.4	1	253 143
88	389	0.4	1	286 103
89	300	0.4	1	241 59
90	224	0.4	1	155 69
91	318	0.4	1	153 165
92	449	0.4	1	168 281
93	240	0.4	1	93 147
94	430	0.4	1	113 317
95	195	0.4	1	93 102
96	346	0.4	1	69 277
97	95	0.4	1	56 39
98	103	0.4	1	48 55
99	65	0.4	1	43 22
100	49	0.4	1	39 10
101	33	0.4	1	24 9
102	25	0.4	1	18 7
103	37	0.4	1	18 19
104	34	0.4	1	17 17
105	28	0.4	1	9 19
106	45	0.4	1	17 28
107	45	0.4	1	15 30
108	79	0.4	1	14 65
109	89	0.4	1	8 81
110	91	0.4	1	17 74
111	61	0.4	1	9 52
112	95	0.4	1	6 89
113	415	0.4	1	20 395
114	55	0.4	1	8 47
115	101	0.4	1	7 94
116	40	0.4	1	5 35
117	63	0.4	1	13 50
118	113	0.4	1	6 107
119	81	0.4	1	20 61
120	132	0.4	1	122 10
121	23	0.4	1	17 6
122	26	0.4	1	10 16
123	21	0.4	1	9 12
124	9	0.4	1	2 7
125	21	0.4	1	4 17
126	23	0.4	1	7 16
127	20	0.4	1	4 16
128	19	0.4	1	5 14
129	19	0.4	1	8 11
130	30	0.4	1	6 24
131	8	0.4	1	5 3
132	32	0.4	1	7 25
133	17	0.4	1	6 11
134	19	0.4	1	7 12
135	25	0.4	1	9 16
136	26	0.4	1	6 20
137	22	0.4	1	8 14
138	15	0.4	1	12 3
139	8	0.4	1	3 5
140	25	0.4	1	12 13
141	69	0.4	1	57 12
142	48	0.4	1	8 40
143	53	0.4	1	20 33
144	23	0.4	1	5 18
145	34	0.4	1	20 14
146	29	0.4	1	13 16
147	16	0.4	1	5 11
148	23	0.4	1	5 18
149	51	0.4	1	5 46
150	1129	0.4	1	38 1091

RUN STATISTICS FOR INPUT FILE: /NFSs-datarepo/ngs_omics/NGS_stu_rna-seq_2020_mpe_Bacillus/data/BS485_1.fq.gz
=============================================
23564391 sequences processed in total

