
SUMMARISING RUN PARAMETERS
==========================
Input filename: /NFSs-datarepo/ngs_omics/NGS_stu_rna-seq_2020_mpe_Bacillus/data/BS484_1.fq.gz
Trimming mode: paired-end
Trim Galore version: 0.6.4_dev
Cutadapt version: 2.10
Python version: could not detect
Number of cores used for trimming: 30
Quality Phred score cutoff: 20
Quality encoding type selected: ASCII+33
Using Illumina adapter for trimming (count: 41131). Second best hit was Nextera (count: 12)
Adapter sequence: 'AGATCGGAAGAGC' (Illumina TruSeq, Sanger iPCR; auto-detected)
Maximum trimming error rate: 0.1 (default)
Minimum required adapter overlap (stringency): 1 bp
Minimum required sequence length for both reads before a sequence pair gets removed: 20 bp
Removing Ns from the start and end of reads
Output file will be GZIP compressed


This is cutadapt 2.10 with Python 3.7.8
Command line parameters: -j 30 -e 0.1 -q 20 -O 1 --trim-n -a AGATCGGAAGAGC /NFSs-datarepo/ngs_omics/NGS_stu_rna-seq_2020_mpe_Bacillus/data/BS484_1.fq.gz
Processing reads on 30 cores in single-end mode ...
Finished in 169.34 s (7 us/read; 8.20 M reads/minute).

=== Summary ===

Total reads processed:              23,130,041
Reads with adapters:                 9,187,772 (39.7%)
Reads written (passing filters):    23,130,041 (100.0%)

Total basepairs processed: 3,469,506,150 bp
Quality-trimmed:               1,815,378 bp (0.1%)
Total written (filtered):  3,418,593,458 bp (98.5%)

=== Adapter 1 ===

Sequence: AGATCGGAAGAGC; Type: regular 3'; Length: 13; Trimmed: 9187772 times

No. of allowed errors:
0-9 bp: 0; 10-13 bp: 1

Bases preceding removed adapters:
  A: 31.5%
  C: 29.7%
  G: 18.4%
  T: 20.3%
  none/other: 0.0%

Overview of removed sequences
length	count	expect	max.err	error counts
1	5916914	5782510.2	0	5916914
2	1416132	1445627.6	0	1416132
3	456827	361406.9	0	456827
4	141287	90351.7	0	141287
5	60365	22587.9	0	60365
6	36029	5647.0	0	36029
7	32809	1411.7	0	32809
8	33201	352.9	0	33201
9	32345	88.2	0	31679 666
10	31073	22.1	1	29890 1183
11	31384	5.5	1	30429 955
12	29569	1.4	1	28884 685
13	29297	0.3	1	28673 624
14	28341	0.3	1	27648 693
15	27261	0.3	1	26748 513
16	27427	0.3	1	26704 723
17	27249	0.3	1	26517 732
18	26079	0.3	1	25553 526
19	24652	0.3	1	24160 492
20	24786	0.3	1	24214 572
21	24135	0.3	1	23619 516
22	23465	0.3	1	23033 432
23	23575	0.3	1	23033 542
24	23051	0.3	1	22411 640
25	22097	0.3	1	21603 494
26	21253	0.3	1	20802 451
27	21306	0.3	1	20858 448
28	20447	0.3	1	20073 374
29	20378	0.3	1	19877 501
30	19601	0.3	1	19250 351
31	18892	0.3	1	18556 336
32	18524	0.3	1	18192 332
33	18301	0.3	1	17875 426
34	18354	0.3	1	17940 414
35	17937	0.3	1	17501 436
36	17519	0.3	1	17155 364
37	15751	0.3	1	15379 372
38	17259	0.3	1	16844 415
39	15340	0.3	1	14994 346
40	15601	0.3	1	15256 345
41	14697	0.3	1	14354 343
42	15849	0.3	1	15491 358
43	16009	0.3	1	15636 373
44	14062	0.3	1	13736 326
45	23142	0.3	1	22765 377
46	5030	0.3	1	4848 182
47	12331	0.3	1	12118 213
48	14509	0.3	1	14237 272
49	11604	0.3	1	11396 208
50	11275	0.3	1	11000 275
51	13294	0.3	1	12955 339
52	11269	0.3	1	11055 214
53	10050	0.3	1	9869 181
54	10884	0.3	1	10592 292
55	12041	0.3	1	11728 313
56	9333	0.3	1	9131 202
57	11223	0.3	1	11026 197
58	8907	0.3	1	8735 172
59	9912	0.3	1	9704 208
60	7315	0.3	1	7194 121
61	5473	0.3	1	5351 122
62	9288	0.3	1	9075 213
63	9001	0.3	1	8875 126
64	5301	0.3	1	5083 218
65	5238	0.3	1	5046 192
66	9397	0.3	1	9236 161
67	5471	0.3	1	5361 110
68	8521	0.3	1	8391 130
69	5835	0.3	1	5724 111
70	6071	0.3	1	5941 130
71	422	0.3	1	387 35
72	916	0.3	1	882 34
73	2839	0.3	1	2787 52
74	3314	0.3	1	3240 74
75	3146	0.3	1	3093 53
76	3069	0.3	1	3016 53
77	2972	0.3	1	2900 72
78	2810	0.3	1	2760 50
79	2588	0.3	1	2517 71
80	2192	0.3	1	2140 52
81	1965	0.3	1	1918 47
82	1795	0.3	1	1755 40
83	1600	0.3	1	1564 36
84	1680	0.3	1	1445 235
85	1502	0.3	1	1397 105
86	1218	0.3	1	1173 45
87	1210	0.3	1	1150 60
88	1002	0.3	1	952 50
89	822	0.3	1	757 65
90	853	0.3	1	810 43
91	710	0.3	1	629 81
92	707	0.3	1	582 125
93	621	0.3	1	518 103
94	618	0.3	1	421 197
95	425	0.3	1	360 65
96	480	0.3	1	368 112
97	324	0.3	1	285 39
98	292	0.3	1	261 31
99	265	0.3	1	246 19
100	175	0.3	1	152 23
101	175	0.3	1	162 13
102	129	0.3	1	118 11
103	136	0.3	1	103 33
104	108	0.3	1	85 23
105	121	0.3	1	103 18
106	92	0.3	1	61 31
107	70	0.3	1	49 21
108	126	0.3	1	70 56
109	127	0.3	1	74 53
110	106	0.3	1	51 55
111	69	0.3	1	48 21
112	97	0.3	1	53 44
113	208	0.3	1	70 138
114	108	0.3	1	83 25
115	82	0.3	1	29 53
116	52	0.3	1	32 20
117	62	0.3	1	45 17
118	141	0.3	1	99 42
119	276	0.3	1	251 25
120	1406	0.3	1	1368 38
121	233	0.3	1	217 16
122	82	0.3	1	72 10
123	83	0.3	1	42 41
124	46	0.3	1	29 17
125	48	0.3	1	28 20
126	47	0.3	1	34 13
127	50	0.3	1	35 15
128	61	0.3	1	30 31
129	33	0.3	1	32 1
130	54	0.3	1	46 8
131	43	0.3	1	34 9
132	44	0.3	1	32 12
133	65	0.3	1	39 26
134	35	0.3	1	28 7
135	46	0.3	1	36 10
136	66	0.3	1	51 15
137	57	0.3	1	30 27
138	47	0.3	1	32 15
139	52	0.3	1	46 6
140	60	0.3	1	48 12
141	609	0.3	1	596 13
142	54	0.3	1	43 11
143	240	0.3	1	217 23
144	37	0.3	1	27 10
145	46	0.3	1	26 20
146	37	0.3	1	26 11
147	42	0.3	1	17 25
148	31	0.3	1	8 23
149	70	0.3	1	24 46
150	986	0.3	1	215 771

RUN STATISTICS FOR INPUT FILE: /NFSs-datarepo/ngs_omics/NGS_stu_rna-seq_2020_mpe_Bacillus/data/BS484_1.fq.gz
=============================================
23130041 sequences processed in total

