
SUMMARISING RUN PARAMETERS
==========================
Input filename: /NFSs-datarepo/ngs_omics/NGS_stu_rna-seq_2020_mpe_Bacillus/data/BS481_1.fq.gz
Trimming mode: paired-end
Trim Galore version: 0.6.4_dev
Cutadapt version: 2.10
Python version: could not detect
Number of cores used for trimming: 30
Quality Phred score cutoff: 20
Quality encoding type selected: ASCII+33
Using Illumina adapter for trimming (count: 29964). Second best hit was Nextera (count: 29)
Adapter sequence: 'AGATCGGAAGAGC' (Illumina TruSeq, Sanger iPCR; auto-detected)
Maximum trimming error rate: 0.1 (default)
Minimum required adapter overlap (stringency): 1 bp
Minimum required sequence length for both reads before a sequence pair gets removed: 20 bp
Removing Ns from the start and end of reads
Output file will be GZIP compressed


This is cutadapt 2.10 with Python 3.7.8
Command line parameters: -j 30 -e 0.1 -q 20 -O 1 --trim-n -a AGATCGGAAGAGC /NFSs-datarepo/ngs_omics/NGS_stu_rna-seq_2020_mpe_Bacillus/data/BS481_1.fq.gz
Processing reads on 30 cores in single-end mode ...
Finished in 151.42 s (7 us/read; 8.29 M reads/minute).

=== Summary ===

Total reads processed:              20,921,756
Reads with adapters:                 8,130,399 (38.9%)
Reads written (passing filters):    20,921,756 (100.0%)

Total basepairs processed: 3,138,263,400 bp
Quality-trimmed:               1,754,647 bp (0.1%)
Total written (filtered):  3,102,024,901 bp (98.8%)

=== Adapter 1 ===

Sequence: AGATCGGAAGAGC; Type: regular 3'; Length: 13; Trimmed: 8130399 times

No. of allowed errors:
0-9 bp: 0; 10-13 bp: 1

Bases preceding removed adapters:
  A: 32.6%
  C: 28.8%
  G: 18.1%
  T: 20.5%
  none/other: 0.0%

Overview of removed sequences
length	count	expect	max.err	error counts
1	5462601	5230439.0	0	5462601
2	1268624	1307609.8	0	1268624
3	413722	326902.4	0	413722
4	121536	81725.6	0	121536
5	50722	20431.4	0	50722
6	27264	5107.9	0	27264
7	25451	1277.0	0	25451
8	24888	319.2	0	24888
9	23701	79.8	0	23236 465
10	23347	20.0	1	22378 969
11	23443	5.0	1	22521 922
12	22447	1.2	1	21868 579
13	21137	0.3	1	20612 525
14	20958	0.3	1	20392 566
15	20313	0.3	1	19889 424
16	20504	0.3	1	19915 589
17	19538	0.3	1	18950 588
18	18738	0.3	1	18388 350
19	17810	0.3	1	17487 323
20	18246	0.3	1	17858 388
21	17638	0.3	1	17290 348
22	17327	0.3	1	17008 319
23	16195	0.3	1	15857 338
24	16290	0.3	1	15879 411
25	16200	0.3	1	15845 355
26	14892	0.3	1	14611 281
27	14961	0.3	1	14636 325
28	14437	0.3	1	14140 297
29	13791	0.3	1	13431 360
30	13230	0.3	1	12994 236
31	12784	0.3	1	12529 255
32	13559	0.3	1	13250 309
33	12372	0.3	1	12032 340
34	11974	0.3	1	11698 276
35	12075	0.3	1	11741 334
36	11560	0.3	1	11304 256
37	11077	0.3	1	10847 230
38	10719	0.3	1	10387 332
39	10199	0.3	1	9967 232
40	10800	0.3	1	10451 349
41	9464	0.3	1	9030 434
42	9358	0.3	1	9100 258
43	10068	0.3	1	9826 242
44	8787	0.3	1	8602 185
45	14294	0.3	1	14106 188
46	2760	0.3	1	2676 84
47	7216	0.3	1	7078 138
48	8068	0.3	1	7912 156
49	7424	0.3	1	7311 113
50	7136	0.3	1	6977 159
51	7254	0.3	1	7076 178
52	6816	0.3	1	6692 124
53	6310	0.3	1	6136 174
54	6299	0.3	1	5922 377
55	6675	0.3	1	6370 305
56	5467	0.3	1	5248 219
57	5870	0.3	1	5673 197
58	5665	0.3	1	5509 156
59	4810	0.3	1	4710 100
60	4996	0.3	1	4871 125
61	3730	0.3	1	3562 168
62	4701	0.3	1	4397 304
63	4320	0.3	1	4208 112
64	4074	0.3	1	3577 497
65	3082	0.3	1	2748 334
66	4327	0.3	1	4233 94
67	3561	0.3	1	3471 90
68	5213	0.3	1	5123 90
69	2767	0.3	1	2686 81
70	2822	0.3	1	2736 86
71	316	0.3	1	285 31
72	554	0.3	1	532 22
73	1473	0.3	1	1432 41
74	1757	0.3	1	1720 37
75	1518	0.3	1	1479 39
76	1558	0.3	1	1513 45
77	1550	0.3	1	1503 47
78	1282	0.3	1	1251 31
79	1339	0.3	1	1292 47
80	1190	0.3	1	1133 57
81	1097	0.3	1	1043 54
82	878	0.3	1	842 36
83	867	0.3	1	791 76
84	1520	0.3	1	691 829
85	1013	0.3	1	793 220
86	726	0.3	1	635 91
87	708	0.3	1	570 138
88	705	0.3	1	542 163
89	584	0.3	1	506 78
90	491	0.3	1	401 90
91	486	0.3	1	272 214
92	575	0.3	1	325 250
93	433	0.3	1	242 191
94	562	0.3	1	210 352
95	290	0.3	1	184 106
96	393	0.3	1	166 227
97	159	0.3	1	136 23
98	135	0.3	1	93 42
99	134	0.3	1	111 23
100	128	0.3	1	120 8
101	100	0.3	1	67 33
102	49	0.3	1	37 12
103	57	0.3	1	46 11
104	52	0.3	1	40 12
105	61	0.3	1	38 23
106	47	0.3	1	37 10
107	80	0.3	1	27 53
108	88	0.3	1	26 62
109	204	0.3	1	31 173
110	99	0.3	1	19 80
111	71	0.3	1	23 48
112	108	0.3	1	28 80
113	567	0.3	1	60 507
114	121	0.3	1	56 65
115	164	0.3	1	37 127
116	67	0.3	1	24 43
117	57	0.3	1	23 34
118	112	0.3	1	39 73
119	143	0.3	1	92 51
120	553	0.3	1	536 17
121	119	0.3	1	90 29
122	42	0.3	1	26 16
123	29	0.3	1	20 9
124	18	0.3	1	14 4
125	35	0.3	1	22 13
126	41	0.3	1	17 24
127	37	0.3	1	21 16
128	32	0.3	1	25 7
129	29	0.3	1	23 6
130	30	0.3	1	19 11
131	19	0.3	1	17 2
132	35	0.3	1	30 5
133	39	0.3	1	32 7
134	28	0.3	1	24 4
135	28	0.3	1	23 5
136	31	0.3	1	25 6
137	32	0.3	1	22 10
138	25	0.3	1	21 4
139	31	0.3	1	24 7
140	40	0.3	1	28 12
141	212	0.3	1	200 12
142	33	0.3	1	16 17
143	113	0.3	1	64 49
144	34	0.3	1	20 14
145	22	0.3	1	13 9
146	34	0.3	1	21 13
147	29	0.3	1	22 7
148	22	0.3	1	2 20
149	90	0.3	1	7 83
150	1465	0.3	1	147 1318

RUN STATISTICS FOR INPUT FILE: /NFSs-datarepo/ngs_omics/NGS_stu_rna-seq_2020_mpe_Bacillus/data/BS481_1.fq.gz
=============================================
20921756 sequences processed in total

