
SUMMARISING RUN PARAMETERS
==========================
Input filename: /NFSs-datarepo/ngs_omics/NGS_stu_rna-seq_2020_mpe_Bacillus/data/BS486_1.fq.gz
Trimming mode: paired-end
Trim Galore version: 0.6.4_dev
Cutadapt version: 2.10
Python version: could not detect
Number of cores used for trimming: 30
Quality Phred score cutoff: 20
Quality encoding type selected: ASCII+33
Using Illumina adapter for trimming (count: 31991). Second best hit was Nextera (count: 18)
Adapter sequence: 'AGATCGGAAGAGC' (Illumina TruSeq, Sanger iPCR; auto-detected)
Maximum trimming error rate: 0.1 (default)
Minimum required adapter overlap (stringency): 1 bp
Minimum required sequence length for both reads before a sequence pair gets removed: 20 bp
Removing Ns from the start and end of reads
Output file will be GZIP compressed


This is cutadapt 2.10 with Python 3.7.8
Command line parameters: -j 30 -e 0.1 -q 20 -O 1 --trim-n -a AGATCGGAAGAGC /NFSs-datarepo/ngs_omics/NGS_stu_rna-seq_2020_mpe_Bacillus/data/BS486_1.fq.gz
Processing reads on 30 cores in single-end mode ...
Finished in 207.84 s (7 us/read; 8.08 M reads/minute).

=== Summary ===

Total reads processed:              27,982,749
Reads with adapters:                10,887,535 (38.9%)
Reads written (passing filters):    27,982,749 (100.0%)

Total basepairs processed: 4,197,412,350 bp
Quality-trimmed:               2,180,816 bp (0.1%)
Total written (filtered):  4,146,551,155 bp (98.8%)

=== Adapter 1 ===

Sequence: AGATCGGAAGAGC; Type: regular 3'; Length: 13; Trimmed: 10887535 times

No. of allowed errors:
0-9 bp: 0; 10-13 bp: 1

Bases preceding removed adapters:
  A: 32.1%
  C: 29.2%
  G: 18.3%
  T: 20.4%
  none/other: 0.0%

Overview of removed sequences
length	count	expect	max.err	error counts
1	7263940	6995687.2	0	7263940
2	1687877	1748921.8	0	1687877
3	552780	437230.5	0	552780
4	162881	109307.6	0	162881
5	67295	27326.9	0	67295
6	37447	6831.7	0	37447
7	33639	1707.9	0	33639
8	33726	427.0	0	33726
9	32514	106.7	0	31873 641
10	31181	26.7	1	29807 1374
11	30952	6.7	1	29750 1202
12	29820	1.7	1	29051 769
13	28664	0.4	1	27989 675
14	28611	0.4	1	27769 842
15	27841	0.4	1	27264 577
16	27433	0.4	1	26608 825
17	27491	0.4	1	26755 736
18	25847	0.4	1	25316 531
19	24863	0.4	1	24383 480
20	24691	0.4	1	24157 534
21	24227	0.4	1	23674 553
22	23218	0.4	1	22761 457
23	22889	0.4	1	22377 512
24	23303	0.4	1	22688 615
25	21634	0.4	1	21176 458
26	21601	0.4	1	21185 416
27	20778	0.4	1	20342 436
28	20352	0.4	1	20001 351
29	19829	0.4	1	19295 534
30	19714	0.4	1	19384 330
31	18311	0.4	1	17964 347
32	18918	0.4	1	18538 380
33	17989	0.4	1	17559 430
34	17622	0.4	1	17212 410
35	16741	0.4	1	16325 416
36	17201	0.4	1	16749 452
37	15727	0.4	1	15416 311
38	15870	0.4	1	15538 332
39	15566	0.4	1	15180 386
40	16794	0.4	1	16335 459
41	14062	0.4	1	13401 661
42	14535	0.4	1	14156 379
43	13832	0.4	1	13495 337
44	13759	0.4	1	13455 304
45	21431	0.4	1	21117 314
46	4718	0.4	1	4550 168
47	11054	0.4	1	10883 171
48	11916	0.4	1	11704 212
49	11128	0.4	1	10927 201
50	10998	0.4	1	10748 250
51	11170	0.4	1	10930 240
52	10654	0.4	1	10452 202
53	9603	0.4	1	9384 219
54	9991	0.4	1	9594 397
55	10072	0.4	1	9658 414
56	8937	0.4	1	8702 235
57	8988	0.4	1	8764 224
58	9027	0.4	1	8798 229
59	7337	0.4	1	7173 164
60	7509	0.4	1	7350 159
61	5798	0.4	1	5550 248
62	7141	0.4	1	6796 345
63	7052	0.4	1	6890 162
64	6061	0.4	1	5567 494
65	4948	0.4	1	4438 510
66	6308	0.4	1	6136 172
67	5965	0.4	1	5833 132
68	8365	0.4	1	8237 128
69	4440	0.4	1	4346 94
70	4222	0.4	1	4101 121
71	492	0.4	1	462 30
72	767	0.4	1	743 24
73	2188	0.4	1	2151 37
74	2485	0.4	1	2446 39
75	2522	0.4	1	2473 49
76	2411	0.4	1	2347 64
77	1994	0.4	1	1946 48
78	1921	0.4	1	1870 51
79	1628	0.4	1	1595 33
80	1685	0.4	1	1624 61
81	1480	0.4	1	1422 58
82	1247	0.4	1	1206 41
83	1209	0.4	1	1166 43
84	1720	0.4	1	1007 713
85	1237	0.4	1	927 310
86	904	0.4	1	851 53
87	838	0.4	1	670 168
88	643	0.4	1	547 96
89	575	0.4	1	495 80
90	613	0.4	1	524 89
91	577	0.4	1	370 207
92	651	0.4	1	358 293
93	395	0.4	1	236 159
94	668	0.4	1	282 386
95	283	0.4	1	201 82
96	455	0.4	1	210 245
97	193	0.4	1	150 43
98	166	0.4	1	104 62
99	159	0.4	1	125 34
100	87	0.4	1	77 10
101	103	0.4	1	87 16
102	104	0.4	1	77 27
103	100	0.4	1	80 20
104	71	0.4	1	56 15
105	77	0.4	1	67 10
106	75	0.4	1	62 13
107	54	0.4	1	25 29
108	113	0.4	1	22 91
109	150	0.4	1	40 110
110	94	0.4	1	29 65
111	46	0.4	1	33 13
112	136	0.4	1	32 104
113	671	0.4	1	32 639
114	86	0.4	1	32 54
115	108	0.4	1	14 94
116	64	0.4	1	11 53
117	62	0.4	1	17 45
118	178	0.4	1	49 129
119	157	0.4	1	108 49
120	752	0.4	1	722 30
121	119	0.4	1	111 8
122	55	0.4	1	50 5
123	38	0.4	1	15 23
124	37	0.4	1	25 12
125	34	0.4	1	22 12
126	26	0.4	1	14 12
127	26	0.4	1	17 9
128	41	0.4	1	23 18
129	35	0.4	1	29 6
130	29	0.4	1	29
131	17	0.4	1	13 4
132	35	0.4	1	22 13
133	31	0.4	1	21 10
134	32	0.4	1	25 7
135	30	0.4	1	24 6
136	32	0.4	1	20 12
137	34	0.4	1	19 15
138	50	0.4	1	37 13
139	53	0.4	1	37 16
140	20	0.4	1	18 2
141	371	0.4	1	360 11
142	47	0.4	1	21 26
143	109	0.4	1	76 33
144	53	0.4	1	28 25
145	29	0.4	1	19 10
146	33	0.4	1	26 7
147	63	0.4	1	25 38
148	24	0.4	1	3 21
149	79	0.4	1	13 66
150	1761	0.4	1	286 1475

RUN STATISTICS FOR INPUT FILE: /NFSs-datarepo/ngs_omics/NGS_stu_rna-seq_2020_mpe_Bacillus/data/BS486_1.fq.gz
=============================================
27982749 sequences processed in total

