
SUMMARISING RUN PARAMETERS
==========================
Input filename: /NFSs-datarepo/ngs_omics/NGS_stu_rna-seq_2020_mpe_Bacillus/data/BS484_2.fq.gz
Trimming mode: paired-end
Trim Galore version: 0.6.4_dev
Cutadapt version: 2.10
Python version: could not detect
Number of cores used for trimming: 30
Quality Phred score cutoff: 20
Quality encoding type selected: ASCII+33
Using Illumina adapter for trimming (count: 41131). Second best hit was Nextera (count: 12)
Adapter sequence: 'AGATCGGAAGAGC' (Illumina TruSeq, Sanger iPCR; auto-detected)
Maximum trimming error rate: 0.1 (default)
Minimum required adapter overlap (stringency): 1 bp
Minimum required sequence length for both reads before a sequence pair gets removed: 20 bp
Removing Ns from the start and end of reads
Output file will be GZIP compressed


This is cutadapt 2.10 with Python 3.7.8
Command line parameters: -j 30 -e 0.1 -q 20 -O 1 --trim-n -a AGATCGGAAGAGC /NFSs-datarepo/ngs_omics/NGS_stu_rna-seq_2020_mpe_Bacillus/data/BS484_2.fq.gz
Processing reads on 30 cores in single-end mode ...
Finished in 173.52 s (8 us/read; 8.00 M reads/minute).

=== Summary ===

Total reads processed:              23,130,041
Reads with adapters:                 9,291,487 (40.2%)
Reads written (passing filters):    23,130,041 (100.0%)

Total basepairs processed: 3,469,506,150 bp
Quality-trimmed:               2,957,128 bp (0.1%)
Total written (filtered):  3,417,309,921 bp (98.5%)

=== Adapter 1 ===

Sequence: AGATCGGAAGAGC; Type: regular 3'; Length: 13; Trimmed: 9291487 times

No. of allowed errors:
0-9 bp: 0; 10-13 bp: 1

Bases preceding removed adapters:
  A: 32.3%
  C: 25.2%
  G: 23.7%
  T: 18.7%
  none/other: 0.0%

Overview of removed sequences
length	count	expect	max.err	error counts
1	5789590	5782510.2	0	5789590
2	1533519	1445627.6	0	1533519
3	549162	361406.9	0	549162
4	162860	90351.7	0	162860
5	58537	22587.9	0	58537
6	35164	5647.0	0	35164
7	33119	1411.7	0	33119
8	35394	352.9	0	35394
9	29382	88.2	0	28776 606
10	32108	22.1	1	30280 1828
11	31291	5.5	1	29833 1458
12	29876	1.4	1	28980 896
13	29422	0.3	1	28519 903
14	29206	0.3	1	28229 977
15	26457	0.3	1	25682 775
16	27031	0.3	1	26260 771
17	30469	0.3	1	29500 969
18	21611	0.3	1	20982 629
19	30155	0.3	1	29333 822
20	21836	0.3	1	21308 528
21	22764	0.3	1	22117 647
22	23570	0.3	1	22980 590
23	23129	0.3	1	22605 524
24	23699	0.3	1	23078 621
25	25567	0.3	1	24854 713
26	18818	0.3	1	18267 551
27	19909	0.3	1	19395 514
28	21030	0.3	1	20603 427
29	19737	0.3	1	19227 510
30	20491	0.3	1	19987 504
31	18268	0.3	1	17840 428
32	18846	0.3	1	18393 453
33	18466	0.3	1	17986 480
34	18881	0.3	1	18489 392
35	16964	0.3	1	16463 501
36	16846	0.3	1	16431 415
37	24926	0.3	1	24273 653
38	18448	0.3	1	17969 479
39	16213	0.3	1	15789 424
40	11291	0.3	1	10995 296
41	13955	0.3	1	13623 332
42	25103	0.3	1	24615 488
43	8932	0.3	1	8624 308
44	32257	0.3	1	31722 535
45	16758	0.3	1	16382 376
46	8055	0.3	1	7813 242
47	21050	0.3	1	20713 337
48	9741	0.3	1	9485 256
49	8629	0.3	1	8418 211
50	8213	0.3	1	8019 194
51	6970	0.3	1	6781 189
52	5379	0.3	1	5227 152
53	9229	0.3	1	9035 194
54	12871	0.3	1	12648 223
55	6680	0.3	1	6539 141
56	9330	0.3	1	9151 179
57	16324	0.3	1	16073 251
58	7361	0.3	1	7194 167
59	6585	0.3	1	6424 161
60	11633	0.3	1	11437 196
61	7296	0.3	1	7150 146
62	5617	0.3	1	5493 124
63	10232	0.3	1	10017 215
64	10714	0.3	1	10451 263
65	7011	0.3	1	6825 186
66	7635	0.3	1	7473 162
67	8467	0.3	1	8291 176
68	4809	0.3	1	4665 144
69	4863	0.3	1	4692 171
70	5142	0.3	1	4996 146
71	2945	0.3	1	2859 86
72	1821	0.3	1	1728 93
73	1385	0.3	1	1310 75
74	1020	0.3	1	969 51
75	974	0.3	1	908 66
76	1330	0.3	1	1226 104
77	1233	0.3	1	1094 139
78	1312	0.3	1	1229 83
79	1553	0.3	1	1484 69
80	1563	0.3	1	1506 57
81	1593	0.3	1	1517 76
82	1543	0.3	1	1450 93
83	1491	0.3	1	1403 88
84	1371	0.3	1	1263 108
85	1399	0.3	1	1293 106
86	1110	0.3	1	1028 82
87	1126	0.3	1	1013 113
88	960	0.3	1	849 111
89	827	0.3	1	697 130
90	850	0.3	1	754 96
91	698	0.3	1	579 119
92	580	0.3	1	527 53
93	541	0.3	1	484 57
94	473	0.3	1	390 83
95	443	0.3	1	350 93
96	434	0.3	1	350 84
97	393	0.3	1	278 115
98	372	0.3	1	263 109
99	300	0.3	1	254 46
100	219	0.3	1	169 50
101	222	0.3	1	163 59
102	193	0.3	1	110 83
103	170	0.3	1	99 71
104	175	0.3	1	85 90
105	150	0.3	1	100 50
106	246	0.3	1	64 182
107	114	0.3	1	58 56
108	177	0.3	1	73 104
109	107	0.3	1	72 35
110	101	0.3	1	62 39
111	86	0.3	1	45 41
112	115	0.3	1	68 47
113	171	0.3	1	68 103
114	118	0.3	1	83 35
115	63	0.3	1	41 22
116	70	0.3	1	38 32
117	107	0.3	1	50 57
118	156	0.3	1	109 47
119	291	0.3	1	251 40
120	1406	0.3	1	1355 51
121	317	0.3	1	216 101
122	157	0.3	1	72 85
123	135	0.3	1	44 91
124	100	0.3	1	30 70
125	71	0.3	1	30 41
126	107	0.3	1	38 69
127	106	0.3	1	42 64
128	83	0.3	1	32 51
129	87	0.3	1	31 56
130	209	0.3	1	49 160
131	77	0.3	1	33 44
132	93	0.3	1	32 61
133	134	0.3	1	42 92
134	103	0.3	1	27 76
135	88	0.3	1	36 52
136	146	0.3	1	56 90
137	110	0.3	1	31 79
138	78	0.3	1	32 46
139	101	0.3	1	48 53
140	80	0.3	1	46 34
141	654	0.3	1	601 53
142	75	0.3	1	42 33
143	267	0.3	1	219 48
144	50	0.3	1	27 23
145	106	0.3	1	25 81
146	68	0.3	1	28 40
147	198	0.3	1	16 182
148	94	0.3	1	8 86
149	113	0.3	1	26 87
150	490	0.3	1	202 288

RUN STATISTICS FOR INPUT FILE: /NFSs-datarepo/ngs_omics/NGS_stu_rna-seq_2020_mpe_Bacillus/data/BS484_2.fq.gz
=============================================
23130041 sequences processed in total

Total number of sequences analysed for the sequence pair length validation: 23130041

Number of sequence pairs removed because at least one read was shorter than the length cutoff (20 bp): 5426 (0.02%)
