
SUMMARISING RUN PARAMETERS
==========================
Input filename: /NFSs-datarepo/ngs_omics/NGS_stu_rna-seq_2020_mpe_Bacillus/data/BS482_1.fq.gz
Trimming mode: paired-end
Trim Galore version: 0.6.4_dev
Cutadapt version: 2.10
Python version: could not detect
Number of cores used for trimming: 30
Quality Phred score cutoff: 20
Quality encoding type selected: ASCII+33
Using Illumina adapter for trimming (count: 26718). Second best hit was Nextera (count: 15)
Adapter sequence: 'AGATCGGAAGAGC' (Illumina TruSeq, Sanger iPCR; auto-detected)
Maximum trimming error rate: 0.1 (default)
Minimum required adapter overlap (stringency): 1 bp
Minimum required sequence length for both reads before a sequence pair gets removed: 20 bp
Removing Ns from the start and end of reads
Output file will be GZIP compressed


This is cutadapt 2.10 with Python 3.7.8
Command line parameters: -j 30 -e 0.1 -q 20 -O 1 --trim-n -a AGATCGGAAGAGC /NFSs-datarepo/ngs_omics/NGS_stu_rna-seq_2020_mpe_Bacillus/data/BS482_1.fq.gz
Processing reads on 30 cores in single-end mode ...
Finished in 151.50 s (7 us/read; 8.08 M reads/minute).

=== Summary ===

Total reads processed:              20,395,959
Reads with adapters:                 7,864,457 (38.6%)
Reads written (passing filters):    20,395,959 (100.0%)

Total basepairs processed: 3,059,393,850 bp
Quality-trimmed:               1,861,672 bp (0.1%)
Total written (filtered):  3,027,284,786 bp (99.0%)

=== Adapter 1 ===

Sequence: AGATCGGAAGAGC; Type: regular 3'; Length: 13; Trimmed: 7864457 times

No. of allowed errors:
0-9 bp: 0; 10-13 bp: 1

Bases preceding removed adapters:
  A: 32.4%
  C: 29.5%
  G: 17.9%
  T: 20.2%
  none/other: 0.0%

Overview of removed sequences
length	count	expect	max.err	error counts
1	5322671	5098989.8	0	5322671
2	1244104	1274747.4	0	1244104
3	403624	318686.9	0	403624
4	120396	79671.7	0	120396
5	48486	19917.9	0	48486
6	26901	4979.5	0	26901
7	24640	1244.9	0	24640
8	23735	311.2	0	23735
9	22752	77.8	0	22308 444
10	22441	19.5	1	21455 986
11	22802	4.9	1	21848 954
12	21573	1.2	1	20988 585
13	20426	0.3	1	19964 462
14	20139	0.3	1	19562 577
15	19076	0.3	1	18625 451
16	19051	0.3	1	18450 601
17	19102	0.3	1	18559 543
18	17663	0.3	1	17293 370
19	16025	0.3	1	15715 310
20	16806	0.3	1	16409 397
21	16115	0.3	1	15732 383
22	15774	0.3	1	15480 294
23	14964	0.3	1	14588 376
24	14402	0.3	1	14038 364
25	14240	0.3	1	13902 338
26	13540	0.3	1	13251 289
27	13788	0.3	1	13503 285
28	13317	0.3	1	13038 279
29	12394	0.3	1	12057 337
30	12449	0.3	1	12171 278
31	10950	0.3	1	10753 197
32	11290	0.3	1	11060 230
33	11159	0.3	1	10857 302
34	10805	0.3	1	10526 279
35	10052	0.3	1	9810 242
36	9364	0.3	1	9142 222
37	9773	0.3	1	9564 209
38	9208	0.3	1	8993 215
39	9134	0.3	1	8858 276
40	8893	0.3	1	8658 235
41	8795	0.3	1	8437 358
42	9415	0.3	1	9147 268
43	7002	0.3	1	6762 240
44	7486	0.3	1	7272 214
45	12046	0.3	1	11822 224
46	2772	0.3	1	2650 122
47	6553	0.3	1	6427 126
48	13270	0.3	1	13038 232
49	5833	0.3	1	5700 133
50	3675	0.3	1	3548 127
51	9429	0.3	1	9205 224
52	4922	0.3	1	4813 109
53	2777	0.3	1	2661 116
54	6614	0.3	1	6342 272
55	10217	0.3	1	9955 262
56	4187	0.3	1	4074 113
57	4253	0.3	1	4119 134
58	1984	0.3	1	1905 79
59	5848	0.3	1	5752 96
60	1179	0.3	1	1125 54
61	1309	0.3	1	1190 119
62	4928	0.3	1	4769 159
63	2448	0.3	1	2387 61
64	1029	0.3	1	722 307
65	2303	0.3	1	2069 234
66	4253	0.3	1	4171 82
67	853	0.3	1	804 49
68	2174	0.3	1	2130 44
69	2041	0.3	1	1991 50
70	2469	0.3	1	2402 67
71	148	0.3	1	112 36
72	177	0.3	1	164 13
73	701	0.3	1	677 24
74	1132	0.3	1	1105 27
75	1192	0.3	1	1164 28
76	1122	0.3	1	1082 40
77	1025	0.3	1	980 45
78	954	0.3	1	922 32
79	842	0.3	1	817 25
80	717	0.3	1	669 48
81	738	0.3	1	698 40
82	533	0.3	1	515 18
83	573	0.3	1	540 33
84	818	0.3	1	454 364
85	666	0.3	1	482 184
86	428	0.3	1	369 59
87	345	0.3	1	291 54
88	383	0.3	1	294 89
89	323	0.3	1	261 62
90	235	0.3	1	189 46
91	310	0.3	1	204 106
92	294	0.3	1	127 167
93	209	0.3	1	123 86
94	291	0.3	1	109 182
95	161	0.3	1	112 49
96	246	0.3	1	93 153
97	69	0.3	1	42 27
98	64	0.3	1	44 20
99	65	0.3	1	55 10
100	50	0.3	1	43 7
101	55	0.3	1	40 15
102	58	0.3	1	33 25
103	46	0.3	1	26 20
104	29	0.3	1	15 14
105	27	0.3	1	24 3
106	40	0.3	1	22 18
107	44	0.3	1	18 26
108	58	0.3	1	20 38
109	86	0.3	1	14 72
110	58	0.3	1	10 48
111	45	0.3	1	14 31
112	71	0.3	1	9 62
113	310	0.3	1	32 278
114	55	0.3	1	22 33
115	73	0.3	1	5 68
116	46	0.3	1	15 31
117	20	0.3	1	3 17
118	83	0.3	1	27 56
119	70	0.3	1	49 21
120	342	0.3	1	325 17
121	80	0.3	1	67 13
122	44	0.3	1	33 11
123	37	0.3	1	13 24
124	20	0.3	1	6 14
125	26	0.3	1	7 19
126	23	0.3	1	7 16
127	11	0.3	1	7 4
128	23	0.3	1	8 15
129	17	0.3	1	10 7
130	21	0.3	1	7 14
131	12	0.3	1	6 6
132	15	0.3	1	7 8
133	13	0.3	1	10 3
134	12	0.3	1	4 8
135	22	0.3	1	12 10
136	22	0.3	1	5 17
137	22	0.3	1	10 12
138	20	0.3	1	15 5
139	33	0.3	1	7 26
140	18	0.3	1	13 5
141	199	0.3	1	169 30
142	27	0.3	1	13 14
143	72	0.3	1	36 36
144	19	0.3	1	12 7
145	11	0.3	1	7 4
146	18	0.3	1	8 10
147	21	0.3	1	9 12
148	21	0.3	1	4 17
149	50	0.3	1	5 45
150	1013	0.3	1	85 928

RUN STATISTICS FOR INPUT FILE: /NFSs-datarepo/ngs_omics/NGS_stu_rna-seq_2020_mpe_Bacillus/data/BS482_1.fq.gz
=============================================
20395959 sequences processed in total

