
SUMMARISING RUN PARAMETERS
==========================
Input filename: /NFSs-datarepo/ngs_omics/NGS_stu_rna-seq_2020_mpe_Bacillus/data/BS483_1.fq.gz
Trimming mode: paired-end
Trim Galore version: 0.6.4_dev
Cutadapt version: 2.10
Python version: could not detect
Number of cores used for trimming: 30
Quality Phred score cutoff: 20
Quality encoding type selected: ASCII+33
Using Illumina adapter for trimming (count: 25311). Second best hit was Nextera (count: 8)
Adapter sequence: 'AGATCGGAAGAGC' (Illumina TruSeq, Sanger iPCR; auto-detected)
Maximum trimming error rate: 0.1 (default)
Minimum required adapter overlap (stringency): 1 bp
Minimum required sequence length for both reads before a sequence pair gets removed: 20 bp
Removing Ns from the start and end of reads
Output file will be GZIP compressed


This is cutadapt 2.10 with Python 3.7.8
Command line parameters: -j 30 -e 0.1 -q 20 -O 1 --trim-n -a AGATCGGAAGAGC /NFSs-datarepo/ngs_omics/NGS_stu_rna-seq_2020_mpe_Bacillus/data/BS483_1.fq.gz
Processing reads on 30 cores in single-end mode ...
Finished in 100.53 s (4 us/read; 14.48 M reads/minute).

=== Summary ===

Total reads processed:              24,264,141
Reads with adapters:                 9,353,828 (38.6%)
Reads written (passing filters):    24,264,141 (100.0%)

Total basepairs processed: 3,639,621,150 bp
Quality-trimmed:               2,020,359 bp (0.1%)
Total written (filtered):  3,603,784,647 bp (99.0%)

=== Adapter 1 ===

Sequence: AGATCGGAAGAGC; Type: regular 3'; Length: 13; Trimmed: 9353828 times

No. of allowed errors:
0-9 bp: 0; 10-13 bp: 1

Bases preceding removed adapters:
  A: 32.7%
  C: 29.0%
  G: 18.0%
  T: 20.4%
  none/other: 0.0%

Overview of removed sequences
length	count	expect	max.err	error counts
1	6391949	6066035.2	0	6391949
2	1459347	1516508.8	0	1459347
3	480011	379127.2	0	480011
4	141870	94781.8	0	141870
5	59785	23695.5	0	59785
6	32697	5923.9	0	32697
7	29298	1481.0	0	29298
8	29132	370.2	0	29132
9	28500	92.6	0	27939 561
10	27584	23.1	1	26173 1411
11	26984	5.8	1	25702 1282
12	25634	1.4	1	24976 658
13	24435	0.4	1	23796 639
14	24255	0.4	1	23580 675
15	23313	0.4	1	22815 498
16	22630	0.4	1	21984 646
17	22034	0.4	1	21353 681
18	20605	0.4	1	20165 440
19	19936	0.4	1	19582 354
20	19697	0.4	1	19258 439
21	18800	0.4	1	18411 389
22	17985	0.4	1	17673 312
23	18241	0.4	1	17846 395
24	17528	0.4	1	17042 486
25	15857	0.4	1	15523 334
26	15697	0.4	1	15385 312
27	14973	0.4	1	14637 336
28	14463	0.4	1	14159 304
29	14750	0.4	1	14371 379
30	13668	0.4	1	13428 240
31	13268	0.4	1	13032 236
32	13118	0.4	1	12855 263
33	12523	0.4	1	12174 349
34	12227	0.4	1	11940 287
35	11549	0.4	1	11257 292
36	10987	0.4	1	10766 221
37	10973	0.4	1	10729 244
38	10436	0.4	1	10132 304
39	10008	0.4	1	9758 250
40	10226	0.4	1	9927 299
41	8903	0.4	1	8479 424
42	9171	0.4	1	8896 275
43	8148	0.4	1	7934 214
44	8156	0.4	1	7955 201
45	12518	0.4	1	12329 189
46	2686	0.4	1	2590 96
47	6313	0.4	1	6198 115
48	7086	0.4	1	6953 133
49	6128	0.4	1	6008 120
50	5914	0.4	1	5773 141
51	6049	0.4	1	5905 144
52	5698	0.4	1	5588 110
53	5007	0.4	1	4848 159
54	5215	0.4	1	4890 325
55	5136	0.4	1	4871 265
56	4370	0.4	1	4177 193
57	4409	0.4	1	4276 133
58	3979	0.4	1	3818 161
59	3532	0.4	1	3413 119
60	3439	0.4	1	3356 83
61	2706	0.4	1	2554 152
62	3348	0.4	1	3122 226
63	3094	0.4	1	2983 111
64	2770	0.4	1	2380 390
65	2340	0.4	1	1931 409
66	2887	0.4	1	2763 124
67	2495	0.4	1	2408 87
68	3201	0.4	1	3121 80
69	1821	0.4	1	1771 50
70	1947	0.4	1	1845 102
71	180	0.4	1	166 14
72	322	0.4	1	302 20
73	844	0.4	1	824 20
74	1007	0.4	1	979 28
75	1034	0.4	1	988 46
76	944	0.4	1	906 38
77	855	0.4	1	807 48
78	797	0.4	1	769 28
79	728	0.4	1	700 28
80	663	0.4	1	620 43
81	604	0.4	1	568 36
82	575	0.4	1	550 25
83	420	0.4	1	373 47
84	1022	0.4	1	397 625
85	553	0.4	1	327 226
86	339	0.4	1	284 55
87	349	0.4	1	258 91
88	336	0.4	1	218 118
89	307	0.4	1	223 84
90	259	0.4	1	173 86
91	322	0.4	1	138 184
92	399	0.4	1	144 255
93	314	0.4	1	140 174
94	371	0.4	1	114 257
95	150	0.4	1	87 63
96	259	0.4	1	88 171
97	64	0.4	1	45 19
98	108	0.4	1	54 54
99	79	0.4	1	54 25
100	59	0.4	1	41 18
101	57	0.4	1	43 14
102	53	0.4	1	22 31
103	57	0.4	1	36 21
104	39	0.4	1	27 12
105	37	0.4	1	18 19
106	37	0.4	1	16 21
107	40	0.4	1	13 27
108	94	0.4	1	14 80
109	105	0.4	1	16 89
110	87	0.4	1	17 70
111	46	0.4	1	12 34
112	94	0.4	1	10 84
113	371	0.4	1	18 353
114	67	0.4	1	26 41
115	90	0.4	1	7 83
116	49	0.4	1	12 37
117	46	0.4	1	12 34
118	133	0.4	1	21 112
119	76	0.4	1	41 35
120	276	0.4	1	249 27
121	57	0.4	1	48 9
122	28	0.4	1	13 15
123	41	0.4	1	9 32
124	21	0.4	1	6 15
125	28	0.4	1	9 19
126	26	0.4	1	12 14
127	25	0.4	1	13 12
128	27	0.4	1	13 14
129	19	0.4	1	12 7
130	34	0.4	1	9 25
131	35	0.4	1	18 17
132	27	0.4	1	11 16
133	24	0.4	1	11 13
134	23	0.4	1	6 17
135	30	0.4	1	12 18
136	27	0.4	1	9 18
137	18	0.4	1	9 9
138	34	0.4	1	15 19
139	45	0.4	1	17 28
140	18	0.4	1	15 3
141	165	0.4	1	152 13
142	23	0.4	1	12 11
143	74	0.4	1	38 36
144	32	0.4	1	13 19
145	30	0.4	1	11 19
146	30	0.4	1	13 17
147	34	0.4	1	6 28
148	23	0.4	1	5 18
149	66	0.4	1	5 61
150	1208	0.4	1	56 1152

RUN STATISTICS FOR INPUT FILE: /NFSs-datarepo/ngs_omics/NGS_stu_rna-seq_2020_mpe_Bacillus/data/BS483_1.fq.gz
=============================================
24264141 sequences processed in total

