
SUMMARISING RUN PARAMETERS
==========================
Input filename: ../../_A_02_QC_centrifuge-RNASeq/input/BS839_1.fq
Trimming mode: paired-end
Trim Galore version: 0.6.4_dev
Cutadapt version: 2.10
Python version: could not detect
Number of cores used for trimming: 30
Quality Phred score cutoff: 20
Quality encoding type selected: ASCII+33
Using Illumina adapter for trimming (count: 8170). Second best hit was smallRNA (count: 4)
Adapter sequence: 'AGATCGGAAGAGC' (Illumina TruSeq, Sanger iPCR; auto-detected)
Maximum trimming error rate: 0.1 (default)
Minimum required adapter overlap (stringency): 1 bp
Minimum required sequence length for both reads before a sequence pair gets removed: 20 bp
Removing Ns from the start and end of reads
Output file will be GZIP compressed


This is cutadapt 2.10 with Python 3.7.8
Command line parameters: -j 30 -e 0.1 -q 20 -O 1 --trim-n -a AGATCGGAAGAGC ../../_A_02_QC_centrifuge-RNASeq/input/BS839_1.fq
Processing reads on 30 cores in single-end mode ...
Finished in 101.67 s (4 us/read; 14.30 M reads/minute).

=== Summary ===

Total reads processed:              24,225,363
Reads with adapters:                 8,561,320 (35.3%)
Reads written (passing filters):    24,225,363 (100.0%)

Total basepairs processed: 3,633,804,450 bp
Quality-trimmed:               1,565,571 bp (0.0%)
Total written (filtered):  3,611,388,491 bp (99.4%)

=== Adapter 1 ===

Sequence: AGATCGGAAGAGC; Type: regular 3'; Length: 13; Trimmed: 8561320 times

No. of allowed errors:
0-9 bp: 0; 10-13 bp: 1

Bases preceding removed adapters:
  A: 31.8%
  C: 30.4%
  G: 18.5%
  T: 19.1%
  none/other: 0.2%

Overview of removed sequences
length	count	expect	max.err	error counts
1	6214281	6056340.8	0	6214281
2	1461065	1514085.2	0	1461065
3	458331	378521.3	0	458331
4	118447	94630.3	0	118447
5	38826	23657.6	0	38826
6	13340	5914.4	0	13340
7	8876	1478.6	0	8876
8	8409	369.6	0	8409
9	9445	92.4	0	8714 731
10	8329	23.1	1	7271 1058
11	8256	5.8	1	7368 888
12	6552	1.4	1	6262 290
13	7068	0.4	1	6759 309
14	6737	0.4	1	6448 289
15	6057	0.4	1	5876 181
16	7178	0.4	1	6862 316
17	7036	0.4	1	6732 304
18	6170	0.4	1	5942 228
19	6119	0.4	1	5886 233
20	6440	0.4	1	6210 230
21	5615	0.4	1	5393 222
22	5414	0.4	1	5231 183
23	5654	0.4	1	5415 239
24	5778	0.4	1	5443 335
25	4716	0.4	1	4540 176
26	4604	0.4	1	4457 147
27	4970	0.4	1	4794 176
28	3876	0.4	1	3774 102
29	4364	0.4	1	4135 229
30	3859	0.4	1	3748 111
31	4126	0.4	1	3949 177
32	4175	0.4	1	4037 138
33	4162	0.4	1	3971 191
34	3918	0.4	1	3804 114
35	3645	0.4	1	3485 160
36	3662	0.4	1	3467 195
37	3278	0.4	1	3167 111
38	3286	0.4	1	3155 131
39	3071	0.4	1	2913 158
40	3569	0.4	1	3398 171
41	3011	0.4	1	2840 171
42	2620	0.4	1	2512 108
43	2460	0.4	1	2323 137
44	2674	0.4	1	2521 153
45	3172	0.4	1	3056 116
46	1042	0.4	1	959 83
47	1773	0.4	1	1692 81
48	1772	0.4	1	1687 85
49	1602	0.4	1	1437 165
50	1563	0.4	1	1477 86
51	2037	0.4	1	1928 109
52	1737	0.4	1	1641 96
53	1569	0.4	1	1497 72
54	1295	0.4	1	1188 107
55	1510	0.4	1	1446 64
56	1538	0.4	1	1466 72
57	1125	0.4	1	1052 73
58	881	0.4	1	837 44
59	1192	0.4	1	1136 56
60	622	0.4	1	596 26
61	560	0.4	1	518 42
62	949	0.4	1	885 64
63	756	0.4	1	696 60
64	555	0.4	1	520 35
65	738	0.4	1	682 56
66	929	0.4	1	868 61
67	473	0.4	1	445 28
68	773	0.4	1	731 42
69	536	0.4	1	500 36
70	617	0.4	1	564 53
71	75	0.4	1	54 21
72	114	0.4	1	88 26
73	262	0.4	1	238 24
74	261	0.4	1	243 18
75	359	0.4	1	340 19
76	248	0.4	1	227 21
77	283	0.4	1	256 27
78	246	0.4	1	196 50
79	207	0.4	1	168 39
80	270	0.4	1	221 49
81	250	0.4	1	181 69
82	262	0.4	1	225 37
83	201	0.4	1	182 19
84	198	0.4	1	115 83
85	335	0.4	1	183 152
86	214	0.4	1	145 69
87	115	0.4	1	79 36
88	159	0.4	1	101 58
89	215	0.4	1	121 94
90	131	0.4	1	112 19
91	87	0.4	1	72 15
92	91	0.4	1	50 41
93	139	0.4	1	57 82
94	148	0.4	1	64 84
95	57	0.4	1	32 25
96	100	0.4	1	51 49
97	64	0.4	1	20 44
98	63	0.4	1	42 21
99	41	0.4	1	30 11
100	66	0.4	1	30 36
101	25	0.4	1	17 8
102	40	0.4	1	29 11
103	42	0.4	1	28 14
104	89	0.4	1	43 46
105	54	0.4	1	23 31
106	22	0.4	1	17 5
107	77	0.4	1	34 43
108	21	0.4	1	14 7
109	30	0.4	1	16 14
110	73	0.4	1	15 58
111	53	0.4	1	18 35
112	25	0.4	1	21 4
113	29	0.4	1	19 10
114	31	0.4	1	23 8
115	65	0.4	1	16 49
116	13	0.4	1	7 6
117	11	0.4	1	7 4
118	60	0.4	1	30 30
119	169	0.4	1	145 24
120	112	0.4	1	86 26
121	26	0.4	1	17 9
122	58	0.4	1	55 3
123	96	0.4	1	35 61
124	11	0.4	1	6 5
125	17	0.4	1	11 6
126	44	0.4	1	16 28
127	20	0.4	1	17 3
128	66	0.4	1	63 3
129	3	0.4	1	3
130	183	0.4	1	144 39
131	17	0.4	1	12 5
132	33	0.4	1	5 28
133	8	0.4	1	6 2
134	43	0.4	1	42 1
135	33	0.4	1	29 4
136	45	0.4	1	6 39
137	49	0.4	1	3 46
138	22	0.4	1	20 2
139	59	0.4	1	42 17
140	13	0.4	1	9 4
141	249	0.4	1	241 8
142	8	0.4	1	7 1
143	73	0.4	1	70 3
144	18	0.4	1	13 5
145	17	0.4	1	6 11
146	23	0.4	1	9 14
147	16	0.4	1	2 14
148	47	0.4	1	2 45
149	152	0.4	1	18 134
150	18784	0.4	1	425 18359

RUN STATISTICS FOR INPUT FILE: ../../_A_02_QC_centrifuge-RNASeq/input/BS839_1.fq
=============================================
24225363 sequences processed in total

