
SUMMARISING RUN PARAMETERS
==========================
Input filename: ../../_A_02_QC_centrifuge-RNASeq/input/BS864_1.fq
Trimming mode: paired-end
Trim Galore version: 0.6.4_dev
Cutadapt version: 2.10
Python version: could not detect
Number of cores used for trimming: 30
Quality Phred score cutoff: 20
Quality encoding type selected: ASCII+33
Using Illumina adapter for trimming (count: 14059). Second best hit was smallRNA (count: 5)
Adapter sequence: 'AGATCGGAAGAGC' (Illumina TruSeq, Sanger iPCR; auto-detected)
Maximum trimming error rate: 0.1 (default)
Minimum required adapter overlap (stringency): 1 bp
Minimum required sequence length for both reads before a sequence pair gets removed: 20 bp
Removing Ns from the start and end of reads
Output file will be GZIP compressed


This is cutadapt 2.10 with Python 3.7.8
Command line parameters: -j 30 -e 0.1 -q 20 -O 1 --trim-n -a AGATCGGAAGAGC ../../_A_02_QC_centrifuge-RNASeq/input/BS864_1.fq
Processing reads on 30 cores in single-end mode ...
Finished in 102.39 s (4 us/read; 14.48 M reads/minute).

=== Summary ===

Total reads processed:              24,702,684
Reads with adapters:                 8,785,716 (35.6%)
Reads written (passing filters):    24,702,684 (100.0%)

Total basepairs processed: 3,705,402,600 bp
Quality-trimmed:               2,677,567 bp (0.1%)
Total written (filtered):  3,676,923,126 bp (99.2%)

=== Adapter 1 ===

Sequence: AGATCGGAAGAGC; Type: regular 3'; Length: 13; Trimmed: 8785716 times

No. of allowed errors:
0-9 bp: 0; 10-13 bp: 1

Bases preceding removed adapters:
  A: 31.5%
  C: 30.2%
  G: 19.4%
  T: 19.0%
  none/other: 0.0%

Overview of removed sequences
length	count	expect	max.err	error counts
1	6203531	6175671.0	0	6203531
2	1463815	1543917.8	0	1463815
3	472625	385979.4	0	472625
4	124892	96494.9	0	124892
5	49535	24123.7	0	49535
6	21035	6030.9	0	21035
7	18283	1507.7	0	18283
8	18028	376.9	0	18028
9	15660	94.2	0	15037 623
10	15474	23.6	1	14444 1030
11	15494	5.9	1	14762 732
12	15502	1.5	1	14992 510
13	14466	0.4	1	13970 496
14	15252	0.4	1	14823 429
15	12854	0.4	1	12506 348
16	12710	0.4	1	12237 473
17	14104	0.4	1	13579 525
18	12561	0.4	1	12200 361
19	9308	0.4	1	9069 239
20	11253	0.4	1	10952 301
21	9749	0.4	1	9475 274
22	10180	0.4	1	9911 269
23	9918	0.4	1	9647 271
24	9190	0.4	1	8802 388
25	9712	0.4	1	9353 359
26	7898	0.4	1	7689 209
27	9669	0.4	1	9416 253
28	7784	0.4	1	7550 234
29	8582	0.4	1	8274 308
30	8050	0.4	1	7809 241
31	6997	0.4	1	6802 195
32	5543	0.4	1	5385 158
33	6436	0.4	1	6182 254
34	6496	0.4	1	6270 226
35	5230	0.4	1	5084 146
36	5483	0.4	1	5268 215
37	5348	0.4	1	5139 209
38	5180	0.4	1	5024 156
39	5394	0.4	1	5139 255
40	4775	0.4	1	4486 289
41	5334	0.4	1	5074 260
42	4645	0.4	1	4451 194
43	3941	0.4	1	3792 149
44	4270	0.4	1	4074 196
45	5645	0.4	1	5454 191
46	1262	0.4	1	1207 55
47	2784	0.4	1	2660 124
48	3701	0.4	1	3572 129
49	2905	0.4	1	2827 78
50	2712	0.4	1	2585 127
51	2979	0.4	1	2875 104
52	2268	0.4	1	2182 86
53	1774	0.4	1	1701 73
54	2336	0.4	1	2229 107
55	2709	0.4	1	2531 178
56	1992	0.4	1	1930 62
57	1978	0.4	1	1934 44
58	1929	0.4	1	1861 68
59	1966	0.4	1	1901 65
60	1290	0.4	1	1173 117
61	1289	0.4	1	1191 98
62	1786	0.4	1	1735 51
63	1341	0.4	1	1259 82
64	909	0.4	1	787 122
65	698	0.4	1	606 92
66	1831	0.4	1	1771 60
67	877	0.4	1	813 64
68	1310	0.4	1	1212 98
69	702	0.4	1	667 35
70	490	0.4	1	468 22
71	161	0.4	1	97 64
72	240	0.4	1	216 24
73	288	0.4	1	273 15
74	452	0.4	1	419 33
75	496	0.4	1	471 25
76	453	0.4	1	422 31
77	317	0.4	1	300 17
78	399	0.4	1	377 22
79	317	0.4	1	214 103
80	315	0.4	1	260 55
81	415	0.4	1	388 27
82	363	0.4	1	328 35
83	426	0.4	1	351 75
84	451	0.4	1	283 168
85	242	0.4	1	191 51
86	236	0.4	1	213 23
87	250	0.4	1	233 17
88	275	0.4	1	188 87
89	310	0.4	1	193 117
90	233	0.4	1	215 18
91	271	0.4	1	204 67
92	220	0.4	1	104 116
93	174	0.4	1	109 65
94	134	0.4	1	114 20
95	112	0.4	1	89 23
96	142	0.4	1	74 68
97	226	0.4	1	166 60
98	113	0.4	1	101 12
99	128	0.4	1	50 78
100	72	0.4	1	53 19
101	101	0.4	1	49 52
102	71	0.4	1	61 10
103	91	0.4	1	87 4
104	53	0.4	1	39 14
105	86	0.4	1	74 12
106	77	0.4	1	54 23
107	57	0.4	1	49 8
108	49	0.4	1	41 8
109	57	0.4	1	48 9
110	62	0.4	1	46 16
111	18	0.4	1	13 5
112	26	0.4	1	16 10
113	122	0.4	1	40 82
114	74	0.4	1	25 49
115	85	0.4	1	41 44
116	44	0.4	1	28 16
117	35	0.4	1	26 9
118	92	0.4	1	37 55
119	153	0.4	1	143 10
120	46	0.4	1	31 15
121	95	0.4	1	41 54
122	44	0.4	1	37 7
123	44	0.4	1	40 4
124	1087	0.4	1	992 95
125	122	0.4	1	115 7
126	8122	0.4	1	7937 185
127	276	0.4	1	267 9
128	59	0.4	1	53 6
129	215	0.4	1	205 10
130	27	0.4	1	22 5
131	228	0.4	1	222 6
132	469	0.4	1	455 14
133	134	0.4	1	27 107
134	551	0.4	1	542 9
135	275	0.4	1	268 7
136	22	0.4	1	20 2
137	10	0.4	1	5 5
138	17	0.4	1	8 9
139	17	0.4	1	12 5
140	22	0.4	1	15 7
141	159	0.4	1	141 18
142	48	0.4	1	38 10
143	490	0.4	1	469 21
144	37	0.4	1	17 20
145	24	0.4	1	1 23
146	102	0.4	1	47 55
147	197	0.4	1	83 114
148	108	0.4	1	1 107
149	474	0.4	1	18 456
150	8962	0.4	1	173 8789

RUN STATISTICS FOR INPUT FILE: ../../_A_02_QC_centrifuge-RNASeq/input/BS864_1.fq
=============================================
24702684 sequences processed in total

