
SUMMARISING RUN PARAMETERS
==========================
Input filename: ../../_A_02_QC_centrifuge-RNASeq/input/BS865_1.fq
Trimming mode: paired-end
Trim Galore version: 0.6.4_dev
Cutadapt version: 2.10
Python version: could not detect
Number of cores used for trimming: 30
Quality Phred score cutoff: 20
Quality encoding type selected: ASCII+33
Using Illumina adapter for trimming (count: 2298). Second best hit was Nextera (count: 8)
Adapter sequence: 'AGATCGGAAGAGC' (Illumina TruSeq, Sanger iPCR; auto-detected)
Maximum trimming error rate: 0.1 (default)
Minimum required adapter overlap (stringency): 1 bp
Minimum required sequence length for both reads before a sequence pair gets removed: 20 bp
Removing Ns from the start and end of reads
Output file will be GZIP compressed


This is cutadapt 2.10 with Python 3.7.8
Command line parameters: -j 30 -e 0.1 -q 20 -O 1 --trim-n -a AGATCGGAAGAGC ../../_A_02_QC_centrifuge-RNASeq/input/BS865_1.fq
Processing reads on 30 cores in single-end mode ...
Finished in 160.22 s (4 us/read; 14.47 M reads/minute).

=== Summary ===

Total reads processed:              38,639,886
Reads with adapters:                13,523,769 (35.0%)
Reads written (passing filters):    38,639,886 (100.0%)

Total basepairs processed: 5,795,982,900 bp
Quality-trimmed:               3,357,500 bp (0.1%)
Total written (filtered):  5,766,659,804 bp (99.5%)

=== Adapter 1 ===

Sequence: AGATCGGAAGAGC; Type: regular 3'; Length: 13; Trimmed: 13523769 times

No. of allowed errors:
0-9 bp: 0; 10-13 bp: 1

Bases preceding removed adapters:
  A: 32.2%
  C: 30.6%
  G: 18.0%
  T: 19.0%
  none/other: 0.2%

Overview of removed sequences
length	count	expect	max.err	error counts
1	9994207	9659971.5	0	9994207
2	2418444	2414992.9	0	2418444
3	725487	603748.2	0	725487
4	178538	150937.1	0	178538
5	52368	37734.3	0	52368
6	10988	9433.6	0	10988
7	4991	2358.4	0	4991
8	4905	589.6	0	4905
9	5182	147.4	0	3968 1214
10	5304	36.8	1	3914 1390
11	4288	9.2	1	3741 547
12	3606	2.3	1	3004 602
13	3501	0.6	1	3262 239
14	3422	0.6	1	3262 160
15	3213	0.6	1	3087 126
16	3041	0.6	1	2815 226
17	2838	0.6	1	2684 154
18	2525	0.6	1	2359 166
19	2607	0.6	1	2428 179
20	2633	0.6	1	2443 190
21	2450	0.6	1	2262 188
22	2210	0.6	1	2101 109
23	2418	0.6	1	2197 221
24	2177	0.6	1	1893 284
25	2095	0.6	1	1984 111
26	2079	0.6	1	1710 369
27	1816	0.6	1	1605 211
28	1815	0.6	1	1590 225
29	1891	0.6	1	1775 116
30	1555	0.6	1	1395 160
31	1571	0.6	1	1313 258
32	1382	0.6	1	1289 93
33	1451	0.6	1	1299 152
34	1437	0.6	1	1337 100
35	1370	0.6	1	1244 126
36	1335	0.6	1	1154 181
37	1243	0.6	1	1124 119
38	1142	0.6	1	917 225
39	1179	0.6	1	979 200
40	1248	0.6	1	1025 223
41	1103	0.6	1	881 222
42	1036	0.6	1	929 107
43	918	0.6	1	800 118
44	942	0.6	1	826 116
45	1169	0.6	1	1053 116
46	490	0.6	1	416 74
47	949	0.6	1	767 182
48	1401	0.6	1	1170 231
49	659	0.6	1	476 183
50	593	0.6	1	509 84
51	1058	0.6	1	872 186
52	756	0.6	1	520 236
53	405	0.6	1	278 127
54	597	0.6	1	463 134
55	876	0.6	1	779 97
56	594	0.6	1	460 134
57	385	0.6	1	340 45
58	379	0.6	1	326 53
59	634	0.6	1	510 124
60	182	0.6	1	141 41
61	474	0.6	1	192 282
62	765	0.6	1	424 341
63	330	0.6	1	220 110
64	323	0.6	1	123 200
65	281	0.6	1	174 107
66	450	0.6	1	381 69
67	230	0.6	1	114 116
68	224	0.6	1	173 51
69	173	0.6	1	125 48
70	157	0.6	1	127 30
71	213	0.6	1	39 174
72	184	0.6	1	74 110
73	170	0.6	1	116 54
74	289	0.6	1	150 139
75	267	0.6	1	153 114
76	249	0.6	1	190 59
77	197	0.6	1	134 63
78	184	0.6	1	137 47
79	257	0.6	1	138 119
80	311	0.6	1	186 125
81	164	0.6	1	111 53
82	119	0.6	1	77 42
83	153	0.6	1	109 44
84	609	0.6	1	110 499
85	403	0.6	1	97 306
86	229	0.6	1	118 111
87	241	0.6	1	169 72
88	271	0.6	1	117 154
89	195	0.6	1	131 64
90	178	0.6	1	124 54
91	181	0.6	1	77 104
92	273	0.6	1	82 191
93	433	0.6	1	83 350
94	183	0.6	1	98 85
95	296	0.6	1	83 213
96	259	0.6	1	106 153
97	258	0.6	1	65 193
98	76	0.6	1	47 29
99	84	0.6	1	58 26
100	97	0.6	1	68 29
101	119	0.6	1	84 35
102	88	0.6	1	55 33
103	104	0.6	1	77 27
104	122	0.6	1	79 43
105	66	0.6	1	43 23
106	86	0.6	1	63 23
107	133	0.6	1	53 80
108	224	0.6	1	39 185
109	65	0.6	1	44 21
110	73	0.6	1	47 26
111	97	0.6	1	67 30
112	154	0.6	1	60 94
113	272	0.6	1	36 236
114	61	0.6	1	41 20
115	76	0.6	1	57 19
116	59	0.6	1	35 24
117	58	0.6	1	36 22
118	181	0.6	1	59 122
119	136	0.6	1	124 12
120	74	0.6	1	63 11
121	125	0.6	1	25 100
122	131	0.6	1	44 87
123	142	0.6	1	31 111
124	59	0.6	1	46 13
125	42	0.6	1	12 30
126	35	0.6	1	26 9
127	124	0.6	1	33 91
128	42	0.6	1	35 7
129	19	0.6	1	16 3
130	28	0.6	1	23 5
131	37	0.6	1	32 5
132	15	0.6	1	13 2
133	11	0.6	1	7 4
134	20	0.6	1	18 2
135	24	0.6	1	22 2
136	4	0.6	1	3 1
137	4	0.6	1	3 1
138	53	0.6	1	19 34
139	71	0.6	1	69 2
140	107	0.6	1	10 97
141	291	0.6	1	284 7
142	15	0.6	1	8 7
143	57	0.6	1	45 12
144	32	0.6	1	22 10
145	16	0.6	1	2 14
146	16	0.6	1	1 15
147	16	0.6	1	1 15
148	50	0.6	1	1 49
149	264	0.6	1	33 231
150	28163	0.6	1	573 27590

RUN STATISTICS FOR INPUT FILE: ../../_A_02_QC_centrifuge-RNASeq/input/BS865_1.fq
=============================================
38639886 sequences processed in total

