
SUMMARISING RUN PARAMETERS
==========================
Input filename: ../../_A_02_QC_centrifuge-RNASeq/input/BS871_1.fq
Trimming mode: paired-end
Trim Galore version: 0.6.4_dev
Cutadapt version: 2.10
Python version: could not detect
Number of cores used for trimming: 30
Quality Phred score cutoff: 20
Quality encoding type selected: ASCII+33
Using Illumina adapter for trimming (count: 4823). Second best hit was smallRNA (count: 7)
Adapter sequence: 'AGATCGGAAGAGC' (Illumina TruSeq, Sanger iPCR; auto-detected)
Maximum trimming error rate: 0.1 (default)
Minimum required adapter overlap (stringency): 1 bp
Minimum required sequence length for both reads before a sequence pair gets removed: 20 bp
Removing Ns from the start and end of reads
Output file will be GZIP compressed


This is cutadapt 2.10 with Python 3.7.8
Command line parameters: -j 30 -e 0.1 -q 20 -O 1 --trim-n -a AGATCGGAAGAGC ../../_A_02_QC_centrifuge-RNASeq/input/BS871_1.fq
Processing reads on 30 cores in single-end mode ...
Finished in 105.71 s (4 us/read; 14.39 M reads/minute).

=== Summary ===

Total reads processed:              25,349,410
Reads with adapters:                 8,144,837 (32.1%)
Reads written (passing filters):    25,349,410 (100.0%)

Total basepairs processed: 3,802,411,500 bp
Quality-trimmed:               3,182,134 bp (0.1%)
Total written (filtered):  3,782,986,789 bp (99.5%)

=== Adapter 1 ===

Sequence: AGATCGGAAGAGC; Type: regular 3'; Length: 13; Trimmed: 8144837 times

No. of allowed errors:
0-9 bp: 0; 10-13 bp: 1

Bases preceding removed adapters:
  A: 29.6%
  C: 31.5%
  G: 21.5%
  T: 17.3%
  none/other: 0.0%

Overview of removed sequences
length	count	expect	max.err	error counts
1	5882212	6337352.5	0	5882212
2	1499144	1584338.1	0	1499144
3	430617	396084.5	0	430617
4	111760	99021.1	0	111760
5	40064	24755.3	0	40064
6	13841	6188.8	0	13841
7	7967	1547.2	0	7967
8	7352	386.8	0	7352
9	7078	96.7	0	6498 580
10	7088	24.2	1	5898 1190
11	6379	6.0	1	5643 736
12	5738	1.5	1	5436 302
13	5247	0.4	1	5063 184
14	5020	0.4	1	4858 162
15	5146	0.4	1	4996 150
16	4552	0.4	1	4379 173
17	4932	0.4	1	4709 223
18	4272	0.4	1	4138 134
19	4048	0.4	1	3837 211
20	4066	0.4	1	3922 144
21	3324	0.4	1	3217 107
22	3605	0.4	1	3383 222
23	3568	0.4	1	3419 149
24	3312	0.4	1	3138 174
25	3082	0.4	1	2954 128
26	2897	0.4	1	2801 96
27	3092	0.4	1	2972 120
28	2995	0.4	1	2879 116
29	2810	0.4	1	2623 187
30	2457	0.4	1	2370 87
31	2317	0.4	1	2240 77
32	2438	0.4	1	2355 83
33	1988	0.4	1	1856 132
34	2282	0.4	1	2179 103
35	2104	0.4	1	1993 111
36	1876	0.4	1	1756 120
37	1901	0.4	1	1737 164
38	1825	0.4	1	1671 154
39	1728	0.4	1	1587 141
40	1632	0.4	1	1556 76
41	1291	0.4	1	1247 44
42	1441	0.4	1	1377 64
43	1500	0.4	1	1391 109
44	1162	0.4	1	1083 79
45	1971	0.4	1	1898 73
46	542	0.4	1	440 102
47	953	0.4	1	902 51
48	1508	0.4	1	1412 96
49	1112	0.4	1	1029 83
50	823	0.4	1	756 67
51	1094	0.4	1	997 97
52	962	0.4	1	916 46
53	621	0.4	1	541 80
54	707	0.4	1	657 50
55	1094	0.4	1	1013 81
56	638	0.4	1	598 40
57	774	0.4	1	705 69
58	598	0.4	1	551 47
59	635	0.4	1	592 43
60	350	0.4	1	293 57
61	337	0.4	1	313 24
62	586	0.4	1	502 84
63	423	0.4	1	385 38
64	247	0.4	1	212 35
65	283	0.4	1	256 27
66	605	0.4	1	521 84
67	256	0.4	1	231 25
68	405	0.4	1	384 21
69	263	0.4	1	249 14
70	230	0.4	1	207 23
71	53	0.4	1	38 15
72	107	0.4	1	90 17
73	226	0.4	1	195 31
74	234	0.4	1	193 41
75	235	0.4	1	182 53
76	246	0.4	1	183 63
77	256	0.4	1	201 55
78	221	0.4	1	183 38
79	179	0.4	1	138 41
80	216	0.4	1	168 48
81	201	0.4	1	159 42
82	151	0.4	1	129 22
83	123	0.4	1	96 27
84	230	0.4	1	137 93
85	123	0.4	1	97 26
86	130	0.4	1	103 27
87	114	0.4	1	92 22
88	119	0.4	1	88 31
89	156	0.4	1	98 58
90	142	0.4	1	110 32
91	169	0.4	1	98 71
92	120	0.4	1	63 57
93	89	0.4	1	65 24
94	258	0.4	1	112 146
95	115	0.4	1	78 37
96	78	0.4	1	58 20
97	71	0.4	1	53 18
98	74	0.4	1	53 21
99	97	0.4	1	54 43
100	89	0.4	1	47 42
101	124	0.4	1	47 77
102	108	0.4	1	59 49
103	70	0.4	1	51 19
104	70	0.4	1	51 19
105	107	0.4	1	65 42
106	72	0.4	1	31 41
107	38	0.4	1	25 13
108	52	0.4	1	36 16
109	105	0.4	1	55 50
110	96	0.4	1	44 52
111	72	0.4	1	35 37
112	90	0.4	1	42 48
113	120	0.4	1	48 72
114	66	0.4	1	27 39
115	53	0.4	1	40 13
116	59	0.4	1	27 32
117	42	0.4	1	29 13
118	44	0.4	1	30 14
119	72	0.4	1	45 27
120	73	0.4	1	46 27
121	28	0.4	1	22 6
122	46	0.4	1	28 18
123	85	0.4	1	23 62
124	217	0.4	1	191 26
125	43	0.4	1	38 5
126	253	0.4	1	243 10
127	46	0.4	1	45 1
128	40	0.4	1	36 4
129	110	0.4	1	105 5
130	41	0.4	1	35 6
131	47	0.4	1	21 26
132	177	0.4	1	174 3
133	15	0.4	1	12 3
134	49	0.4	1	44 5
135	47	0.4	1	38 9
136	34	0.4	1	18 16
137	19	0.4	1	13 6
138	20	0.4	1	8 12
139	41	0.4	1	10 31
140	22	0.4	1	20 2
141	89	0.4	1	76 13
142	51	0.4	1	22 29
143	90	0.4	1	88 2
144	15	0.4	1	7 8
145	33	0.4	1	9 24
146	42	0.4	1	17 25
147	92	0.4	1	15 77
148	98	0.4	1	4 94
149	330	0.4	1	3 327
150	5295	0.4	1	75 5220

RUN STATISTICS FOR INPUT FILE: ../../_A_02_QC_centrifuge-RNASeq/input/BS871_1.fq
=============================================
25349410 sequences processed in total

